0.003 1.8058 -0.2 1.97
0.032 1.7942 -0.2 1.97
0.041 1.7906 -0.2 1.97
0.065 1.781 -0.2 1.97
0.079 1.7754 -0.2 1.97
0.091 1.7706 -0.2 1.97
0.103 1.7658 -0.2 1.97
0.204 1.7254 -0.2 1.97
0.219 1.7194 -0.2 1.97
0.234 1.7134 -0.2 1.97
0.257 1.7042 -0.2 1.97
0.273 1.6978 -0.2 1.97
0.294 1.6894 -0.2 1.97
0.311 1.6826 -0.2 1.97
0.406 1.6446 -0.2 1.97
0.423 1.6378 -0.2 1.97
0.437 1.6322 -0.2 1.97
0.454 1.6254 -0.2 1.97
0.469 1.6194 -0.2 1.97
0.484 1.6134 -0.2 1.97
0.503 1.6058 -0.2 1.97
0.597 1.5682 -0.2 1.97
0.612 1.5622 -0.2 1.97
0.622 1.5582 -0.2 1.97
0.64 1.551 -0.2 1.97
0.661 1.5426 -0.2 1.97
0.675 1.537 -0.2 1.97
0.694 1.5294 -0.2 1.97
0.787 1.4922 -0.2 1.97
0.807 1.4842 -0.2 1.97
0.825 1.477 -0.2 1.97
0.84 1.471 -0.2 1.97
0.853 1.4658 -0.2 1.97
0.873 1.4578 -0.2 1.97
0.888 1.4518 -0.2 1.97
0.957 1.4242 -0.2 1.97
0.978 1.4158 -0.2 1.97
0.996 1.4086 -0.2 1.97
1.018 1.3998 -0.2 1.97
1.033 1.3938 -0.2 1.97
1.052 1.3862 -0.2 1.97
1.069 1.3794 -0.2 1.97
1.145 1.349 -0.2 1.97
1.162 1.3422 -0.2 1.97
1.172 1.3382 -0.2 1.97
1.183 1.3338 -0.2 1.97
1.196 1.3286 -0.2 1.97
1.217 1.3202 -0.2 1.97
1.235 1.313 -0.2 1.97
1.249 1.3074 -0.2 1.97
1.328 1.2758 -0.2 1.97
1.353 1.2658 -0.2 1.97
1.365 1.261 -0.2 1.97
1.379 1.2554 -0.2 1.97
1.396 1.2486 -0.2 1.97
1.417 1.2402 -0.2 1.97
1.435 1.233 -0.2 1.97
1.527 1.1962 -0.2 1.97
1.542 1.1902 -0.2 1.97
1.561 1.1826 -0.2 1.97
1.579 1.1754 -0.2 1.97
1.594 1.1694 -0.2 1.97
1.618 1.1598 -0.2 1.97
1.709 1.1234 -0.2 1.97
1.726 1.1166 -0.2 1.97
1.738 1.1118 -0.2 1.97
1.753 1.1058 -0.2 1.97
1.775 1.097 -0.2 1.97
1.791 1.0906 -0.2 1.97
1.807 1.0842 -0.2 1.97
1.883 1.0538 -0.2 1.97
1.902 1.0462 -0.2 1.97
1.919 1.0394 -0.2 1.97
1.944 1.0294 -0.2 1.97
1.976 1.0166 -0.2 1.97
1.991 1.0106 -0.2 1.97
2.08 0.975 -0.2 1.97
2.094 0.9694 -0.2 1.97
2.105 0.965 -0.2 1.97
2.124 0.9574 -0.2 1.97
2.143 0.9498 -0.2 1.97
2.153 0.9458 -0.2 1.97
2.173 0.9378 -0.2 1.97
2.258 0.9038 -0.2 1.97
2.285 0.893 -0.2 1.97
2.3 0.887 -0.2 1.97
2.315 0.881 -0.2 1.97
2.331 0.8746 -0.2 1.97
2.355 0.865 -0.2 1.97
2.431 0.8346 -0.2 1.97
2.451 0.8266 -0.2 1.97
2.475 0.817 -0.2 1.97
2.49 0.811 -0.2 1.97
2.505 0.807 -0.2 1.968
2.519 0.807 -0.2 1.9624
2.527 0.807 -0.2 1.9592
2.612 0.807 -0.2 1.9252
2.641 0.807 -0.2 1.9136
2.653 0.807 -0.2 1.9088
2.671 0.807 -0.2 1.9016
2.684 0.807 -0.2 1.8964
2.698 0.807 -0.2 1.8908
2.721 0.807 -0.2 1.8816
2.803 0.807 -0.2 1.8488
2.814 0.807 -0.2 1.8444
2.823 0.807 -0.2 1.8408
2.834 0.807 -0.2 1.8364
2.849 0.807 -0.2 1.8304
2.867 0.807 -0.2 1.8232
2.879 0.807 -0.2 1.8184
2.888 0.807 -0.2 1.8148
2.907 0.807 -0.2 1.8072
2.99 0.807 -0.2 1.774
3.004 0.807 -0.2 1.7684
3.02 0.807 -0.2 1.762
3.032 0.807 -0.2 1.7572
3.053 0.807 -0.2 1.7488
3.065 0.807 -0.2 1.744
3.078 0.807 -0.2 1.7388
3.093 0.807 -0.2 1.7328
3.187 0.807 -0.2 1.6952
3.204 0.807 -0.2 1.6884
3.228 0.807 -0.2 1.6788
3.234 0.807 -0.2 1.6764
3.248 0.807 -0.2 1.6708
3.269 0.807 -0.2 1.6624
3.286 0.807 -0.2 1.6556
3.376 0.807 -0.2 1.6196
3.397 0.807 -0.2 1.6112
3.411 0.807 -0.2 1.6056
3.427 0.807 -0.2 1.5992
3.441 0.807 -0.2 1.5936
3.452 0.807 -0.2 1.5892
3.469 0.807 -0.2 1.5824
3.488 0.807 -0.2 1.5748
3.603 0.807 -0.2 1.5288
3.62 0.807 -0.2 1.522
3.644 0.807 -0.2 1.5124
3.662 0.807 -0.2 1.5052
3.678 0.807 -0.2 1.4988
3.691 0.807 -0.2 1.4936
3.784 0.807 -0.2 1.4564
3.802 0.807 -0.2 1.4492
3.821 0.807 -0.2 1.4416
3.846 0.807 -0.2 1.4316
3.873 0.807 -0.2 1.4208
3.889 0.807 -0.2 1.4144
3.97 0.807 -0.2 1.382
3.98 0.807 -0.2 1.378
3.993 0.807 -0.2 1.3728
4.014 0.807 -0.2 1.3644
4.038 0.807 -0.2 1.3548
4.054 0.807 -0.2 1.3484
4.067 0.807 -0.2 1.3432
4.15 0.807 -0.2 1.31
4.172 0.807 -0.2 1.3012
4.185 0.807 -0.2 1.296
4.202 0.807 -0.2 1.2892
4.217 0.807 -0.2 1.2832
4.238 0.807 -0.2 1.2748
4.262 0.807 -0.2 1.2652
4.353 0.807 -0.2 1.2288
4.368 0.807 -0.2 1.2228
4.389 0.807 -0.2 1.2144
4.403 0.807 -0.2 1.2088
4.417 0.807 -0.2 1.2032
4.431 0.807 -0.2 1.1976
4.448 0.807 -0.2 1.1908
4.541 0.807 -0.2 1.1536
4.563 0.807 -0.2 1.1448
4.59 0.807 -0.2 1.134
4.608 0.807 -0.2 1.1268
4.628 0.807 -0.2 1.1188
4.646 0.807 -0.2 1.1116
4.715 0.807 -0.2 1.084
4.741 0.807 -0.2 1.0736
4.751 0.807 -0.2 1.0696
4.778 0.807 -0.2 1.0588
4.8 0.807 -0.2 1.05
4.818 0.807 -0.2 1.0428
4.901 0.807 -0.2 1.0096
4.913 0.807 -0.2 1.0048
4.924 0.807 -0.2 1.0004
4.947 0.807 -0.2 0.9912
4.962 0.807 -0.2 0.9852
4.972 0.807 -0.2 0.9812
4.983 0.807 -0.2 0.9768
5.009 0.8106 -0.2 0.97
5.083 0.8402 -0.2 0.97
5.101 0.8474 -0.2 0.97
5.119 0.8546 -0.2 0.97
5.135 0.861 -0.2 0.97
5.153 0.8682 -0.2 0.97
5.177 0.8778 -0.2 0.97
5.197 0.8858 -0.2 0.97
5.28 0.919 -0.2 0.97
5.297 0.9258 -0.2 0.97
5.321 0.9354 -0.2 0.97
5.337 0.9418 -0.2 0.97
5.359 0.9506 -0.2 0.97
5.381 0.9594 -0.2 0.97
5.475 0.997 -0.2 0.97
5.49 1.003 -0.2 0.97
5.508 1.0102 -0.2 0.97
5.522 1.0158 -0.2 0.97
5.546 1.0254 -0.2 0.97
5.564 1.0326 -0.2 0.97
5.645 1.065 -0.2 0.97
5.659 1.0706 -0.2 0.97
5.675 1.077 -0.2 0.97
5.691 1.0834 -0.2 0.97
5.708 1.0902 -0.2 0.97
5.721 1.0954 -0.2 0.97
5.737 1.1018 -0.2 0.97
5.805 1.129 -0.2 0.97
5.822 1.1358 -0.2 0.97
5.839 1.1426 -0.2 0.97
5.854 1.1486 -0.2 0.97
5.877 1.1578 -0.2 0.97
5.909 1.1706 -0.2 0.97
5.985 1.201 -0.2 0.97
6.004 1.2086 -0.2 0.97
6.026 1.2174 -0.2 0.97
6.041 1.2234 -0.2 0.97
6.062 1.2318 -0.2 0.97
6.087 1.2418 -0.2 0.97
6.172 1.2758 -0.2 0.97
6.192 1.2838 -0.2 0.97
6.206 1.2894 -0.2 0.97
6.222 1.2958 -0.2 0.97
6.233 1.3002 -0.2 0.97
6.248 1.3062 -0.2 0.97
6.27 1.315 -0.2 0.97
6.345 1.345 -0.2 0.97
6.365 1.353 -0.2 0.97
6.377 1.3578 -0.2 0.97
6.393 1.3642 -0.2 0.97
6.4 1.367 -0.2 0.97
6.413 1.3722 -0.2 0.97
6.423 1.3762 -0.2 0.97
6.44 1.383 -0.2 0.97
6.456 1.3894 -0.2 0.97
6.542 1.4238 -0.2 0.97
6.563 1.4322 -0.2 0.97
6.581 1.4394 -0.2 0.97
6.595 1.445 -0.2 0.97
6.616 1.4534 -0.2 0.97
6.634 1.4606 -0.2 0.97
6.653 1.4682 -0.2 0.97
6.735 1.501 -0.2 0.97
6.752 1.5078 -0.2 0.97
6.768 1.5142 -0.2 0.97
6.793 1.5242 -0.2 0.97
6.812 1.5318 -0.2 0.97
6.825 1.537 -0.2 0.97
6.911 1.5714 -0.2 0.97
6.929 1.5786 -0.2 0.97
6.94 1.583 -0.2 0.97
6.96 1.591 -0.2 0.97
6.975 1.597 -0.2 0.97
6.988 1.6022 -0.2 0.97
7.002 1.6078 -0.2 0.97
7.084 1.6406 -0.2 0.97
7.105 1.649 -0.2 0.97
7.119 1.6546 -0.2 0.97
7.133 1.6602 -0.2 0.97
7.146 1.6654 -0.2 0.97
7.163 1.6722 -0.2 0.97
7.176 1.6774 -0.2 0.97
7.194 1.6846 -0.2 0.97
7.264 1.7126 -0.2 0.97
7.282 1.7198 -0.2 0.97
7.305 1.729 -0.2 0.97
7.321 1.7354 -0.2 0.97
7.34 1.743 -0.2 0.97
7.354 1.7486 -0.2 0.97
7.365 1.753 -0.2 0.97
7.454 1.7886 -0.2 0.97
7.467 1.7938 -0.2 0.97
7.493 1.8042 -0.2 0.97
7.512 1.807 -0.2 0.9748
7.535 1.807 -0.2 0.984
7.547 1.807 -0.2 0.9888
7.557 1.807 -0.2 0.9928
7.641 1.807 -0.2 1.0264
7.659 1.807 -0.2 1.0336
7.682 1.807 -0.2 1.0428
7.711 1.807 -0.2 1.0544
7.728 1.807 -0.2 1.0612
7.744 1.807 -0.2 1.0676
7.822 1.807 -0.2 1.0988
7.832 1.807 -0.2 1.1028
7.854 1.807 -0.2 1.1116
7.87 1.807 -0.2 1.118
7.884 1.807 -0.2 1.1236
7.909 1.807 -0.2 1.1336
7.933 1.807 -0.2 1.1432
8.009 1.807 -0.2 1.1736
8.032 1.807 -0.2 1.1828
8.053 1.807 -0.2 1.1912
8.069 1.807 -0.2 1.1976
8.087 1.807 -0.2 1.2048
8.106 1.807 -0.2 1.2124
8.201 1.807 -0.2 1.2504
8.216 1.807 -0.2 1.2564
8.233 1.807 -0.2 1.2632
8.256 1.807 -0.2 1.2724
8.271 1.807 -0.2 1.2784
8.286 1.807 -0.2 1.2844
8.3 1.807 -0.2 1.29
8.378 1.807 -0.2 1.3212
8.399 1.807 -0.2 1.3296
8.418 1.807 -0.2 1.3372
8.433 1.807 -0.2 1.3432
8.449 1.807 -0.2 1.3496
8.469 1.807 -0.2 1.3576
8.484 1.807 -0.2 1.3636
8.569 1.807 -0.2 1.3976
8.587 1.807 -0.2 1.4048
8.601 1.807 -0.2 1.4104
8.614 1.807 -0.2 1.4156
8.636 1.807 -0.2 1.4244
8.646 1.807 -0.2 1.4284
8.661 1.807 -0.2 1.4344
8.738 1.807 -0.2 1.4652
8.751 1.807 -0.2 1.4704
8.767 1.807 -0.2 1.4768
8.781 1.807 -0.2 1.4824
8.797 1.807 -0.2 1.4888
8.807 1.807 -0.2 1.4928
8.828 1.807 -0.2 1.5012
8.841 1.807 -0.2 1.5064
8.918 1.807 -0.2 1.5372
8.935 1.807 -0.2 1.544
8.95 1.807 -0.2 1.55
8.97 1.807 -0.2 1.558
8.984 1.807 -0.2 1.5636
9.001 1.807 -0.2 1.5704
9.017 1.807 -0.2 1.5768
9.085 1.807 -0.2 1.604
9.101 1.807 -0.2 1.6104
9.12 1.807 -0.2 1.618
9.141 1.807 -0.2 1.6264
9.159 1.807 -0.2 1.6336
9.175 1.807 -0.2 1.64
9.19 1.807 -0.2 1.646
9.294 1.807 -0.2 1.6876
9.317 1.807 -0.2 1.6968
9.33 1.807 -0.2 1.702
9.348 1.807 -0.2 1.7092
9.364 1.807 -0.2 1.7156
9.377 1.807 -0.2 1.7208
9.389 1.807 -0.2 1.7256
9.406 1.807 -0.2 1.7324
9.502 1.807 -0.2 1.7708
9.526 1.807 -0.2 1.7804
9.539 1.807 -0.2 1.7856
9.555 1.807 -0.2 1.792
9.575 1.807 -0.2 1.8
9.583 1.807 -0.2 1.8032
9.602 1.807 -0.2 1.8108
9.697 1.807 -0.2 1.8488
9.706 1.807 -0.2 1.8524
9.716 1.807 -0.2 1.8564
9.731 1.807 -0.2 1.8624
9.754 1.807 -0.2 1.8716
9.773 1.807 -0.2 1.8792
9.786 1.807 -0.2 1.8844
9.802 1.807 -0.2 1.8908
9.893 1.807 -0.2 1.9272
9.918 1.807 -0.2 1.9372
9.935 1.807 -0.2 1.944
9.951 1.807 -0.2 1.9504
9.977 1.807 -0.2 1.9608
9.991 1.807 -0.2 1.9664
10.08 1.775 -0.2 1.97
10.091 1.7706 -0.2 1.97
10.103 1.7658 -0.2 1.97
10.118 1.7598 -0.2 1.97
10.13 1.755 -0.2 1.97
10.145 1.749 -0.2 1.97
10.158 1.7438 -0.2 1.97
10.172 1.7382 -0.2 1.97
10.262 1.7022 -0.2 1.97
10.279 1.6954 -0.2 1.97
10.296 1.6886 -0.2 1.97
10.311 1.6826 -0.2 1.97
10.322 1.6782 -0.2 1.97
10.341 1.6706 -0.2 1.97
10.363 1.6618 -0.2 1.97
10.423 1.6378 -0.2 1.97
10.441 1.6306 -0.2 1.97
10.458 1.6238 -0.2 1.97
10.476 1.6166 -0.2 1.97
10.509 1.6034 -0.2 1.97
10.533 1.5938 -0.2 1.97
10.61 1.563 -0.2 1.97
10.625 1.557 -0.2 1.97
10.637 1.5522 -0.2 1.97
10.652 1.5462 -0.2 1.97
10.659 1.5434 -0.2 1.97
10.676 1.5366 -0.2 1.97
10.687 1.5322 -0.2 1.97
10.716 1.5206 -0.2 1.97
10.798 1.4878 -0.2 1.97
10.823 1.4778 -0.2 1.97
10.841 1.4706 -0.2 1.97
10.856 1.4646 -0.2 1.97
10.867 1.4602 -0.2 1.97
10.876 1.4566 -0.2 1.97
10.895 1.449 -0.2 1.97
10.993 1.4098 -0.2 1.97
11.009 1.4034 -0.2 1.97
11.038 1.3918 -0.2 1.97
11.055 1.385 -0.2 1.97
11.071 1.3786 -0.2 1.97
11.085 1.373 -0.2 1.97
11.163 1.3418 -0.2 1.97
11.192 1.3302 -0.2 1.97
11.201 1.3266 -0.2 1.97
11.214 1.3214 -0.2 1.97
11.228 1.3158 -0.2 1.97
11.244 1.3094 -0.2 1.97
11.25 1.307 -0.2 1.97
11.266 1.3006 -0.2 1.97
11.345 1.269 -0.2 1.97
11.363 1.2618 -0.2 1.97
11.379 1.2554 -0.2 1.97
11.39 1.251 -0.2 1.97
11.404 1.2454 -0.2 1.97
11.417 1.2402 -0.2 1.97
11.439 1.2314 -0.2 1.97
11.457 1.2242 -0.2 1.97
11.554 1.1854 -0.2 1.97
11.564 1.1814 -0.2 1.97
11.586 1.1726 -0.2 1.97
11.598 1.1678 -0.2 1.97
11.619 1.1594 -0.2 1.97
11.633 1.1538 -0.2 1.97
11.648 1.1478 -0.2 1.97
11.732 1.1142 -0.2 1.97
11.743 1.1098 -0.2 1.97
11.759 1.1034 -0.2 1.97
11.785 1.093 -0.2 1.97
11.802 1.0862 -0.2 1.97
11.813 1.0818 -0.2 1.97
11.829 1.0754 -0.2 1.97
11.917 1.0402 -0.2 1.97
11.933 1.0338 -0.2 1.97
11.953 1.0258 -0.2 1.97
11.97 1.019 -0.2 1.97
11.988 1.0118 -0.2 1.97
12.005 1.005 -0.2 1.97
12.023 0.9978 -0.2 1.97
12.116 0.9606 -0.2 1.97
12.13 0.955 -0.2 1.97
12.151 0.9466 -0.2 1.97
12.166 0.9406 -0.2 1.97
12.184 0.9334 -0.2 1.97
12.2 0.927 -0.2 1.97
12.22 0.919 -0.2 1.97
12.296 0.8886 -0.2 1.97
12.31 0.883 -0.2 1.97
12.327 0.8762 -0.2 1.97
12.341 0.8706 -0.2 1.97
12.358 0.8638 -0.2 1.97
12.372 0.8582 -0.2 1.97
12.384 0.8534 -0.2 1.97
12.403 0.8458 -0.2 1.97
12.49 0.811 -0.2 1.97
12.508 0.807 -0.2 1.9668
12.528 0.807 -0.2 1.9588
12.55 0.807 -0.2 1.95
12.569 0.807 -0.2 1.9424
12.588 0.807 -0.2 1.9348
12.681 0.807 -0.2 1.8976
12.703 0.807 -0.2 1.8888
12.722 0.807 -0.2 1.8812
12.736 0.807 -0.2 1.8756
12.758 0.807 -0.2 1.8668
12.783 0.807 -0.2 1.8568
12.878 0.807 -0.2 1.8188
12.896 0.807 -0.2 1.8116
12.913 0.807 -0.2 1.8048
12.94 0.807 -0.2 1.794
12.96 0.807 -0.2 1.786
12.972 0.807 -0.2 1.7812
12.984 0.807 -0.2 1.7764
13.085 0.807 -0.2 1.736
13.104 0.807 -0.2 1.7284
13.122 0.807 -0.2 1.7212
13.135 0.807 -0.2 1.716
13.147 0.807 -0.2 1.7112
13.159 0.807 -0.2 1.7064
13.174 0.807 -0.2 1.7004
13.262 0.807 -0.2 1.6652
13.275 0.807 -0.2 1.66
13.287 0.807 -0.2 1.6552
13.302 0.807 -0.2 1.6492
13.318 0.807 -0.2 1.6428
13.335 0.807 -0.2 1.636
13.354 0.807 -0.2 1.6284
13.376 0.807 -0.2 1.6196
13.463 0.807 -0.2 1.5848
13.487 0.807 -0.2 1.5752
13.505 0.807 -0.2 1.568
13.519 0.807 -0.2 1.5624
13.534 0.807 -0.2 1.5564
13.549 0.807 -0.2 1.5504
13.572 0.807 -0.2 1.5412
13.65 0.807 -0.2 1.51
13.664 0.807 -0.2 1.5044
13.685 0.807 -0.2 1.496
13.698 0.807 -0.2 1.4908
13.713 0.807 -0.2 1.4848
13.728 0.807 -0.2 1.4788
13.741 0.807 -0.2 1.4736
13.756 0.807 -0.2 1.4676
13.84 0.807 -0.2 1.434
13.86 0.807 -0.2 1.426
13.877 0.807 -0.2 1.4192
13.897 0.807 -0.2 1.4112
13.911 0.807 -0.2 1.4056
13.918 0.807 -0.2 1.4028
13.937 0.807 -0.2 1.3952
14.021 0.807 -0.2 1.3616
14.039 0.807 -0.2 1.3544
14.05 0.807 -0.2 1.35
14.07 0.807 -0.2 1.342
14.078 0.807 -0.2 1.3388
14.111 0.807 -0.2 1.3256
14.126 0.807 -0.2 1.3196
14.213 0.807 -0.2 1.2848
14.234 0.807 -0.2 1.2764
14.248 0.807 -0.2 1.2708
14.262 0.807 -0.2 1.2652
14.278 0.807 -0.2 1.2588
14.293 0.807 -0.2 1.2528
14.307 0.807 -0.2 1.2472
14.324 0.807 -0.2 1.2404
14.405 0.807 -0.2 1.208
14.419 0.807 -0.2 1.2024
14.433 0.807 -0.2 1.1968
14.445 0.807 -0.2 1.192
14.464 0.807 -0.2 1.1844
14.478 0.807 -0.2 1.1788
14.498 0.807 -0.2 1.1708
14.514 0.807 -0.2 1.1644
14.595 0.807 -0.2 1.132
14.618 0.807 -0.2 1.1228
14.644 0.807 -0.2 1.1124
14.661 0.807 -0.2 1.1056
14.677 0.807 -0.2 1.0992
14.694 0.807 -0.2 1.0924
14.79 0.807 -0.2 1.054
14.805 0.807 -0.2 1.048
14.824 0.807 -0.2 1.0404
14.841 0.807 -0.2 1.0336
14.864 0.807 -0.2 1.0244
14.883 0.807 -0.2 1.0168
14.897 0.807 -0.2 1.0112
14.984 0.807 -0.2 0.9764
15.014 0.8126 -0.2 0.97
15.037 0.8218 -0.2 0.97
15.058 0.8302 -0.2 0.97
15.074 0.8366 -0.2 0.97
15.089 0.8426 -0.2 0.97
15.162 0.8718 -0.2 0.97
15.179 0.8786 -0.2 0.97
15.199 0.8866 -0.2 0.97
15.215 0.893 -0.2 0.97
15.242 0.9038 -0.2 0.97
15.261 0.9114 -0.2 0.97
15.358 0.9502 -0.2 0.97
15.376 0.9574 -0.2 0.97
15.393 0.9642 -0.2 0.97
15.41 0.971 -0.2 0.97
15.435 0.981 -0.2 0.97
15.447 0.9858 -0.2 0.97
15.528 1.0182 -0.2 0.97
15.542 1.0238 -0.2 0.97
15.555 1.029 -0.2 0.97
15.588 1.0422 -0.2 0.97
15.605 1.049 -0.2 0.97
15.621 1.0554 -0.2 0.97
15.721 1.0954 -0.2 0.97
15.734 1.1006 -0.2 0.97
15.76 1.111 -0.2 0.97
15.77 1.115 -0.2 0.97
15.799 1.1266 -0.2 0.97
15.815 1.133 -0.2 0.97
15.898 1.1662 -0.2 0.97
15.912 1.1718 -0.2 0.97
15.925 1.177 -0.2 0.97
15.946 1.1854 -0.2 0.97
15.967 1.1938 -0.2 0.97
15.98 1.199 -0.2 0.97
15.994 1.2046 -0.2 0.97
16.086 1.2414 -0.2 0.97
16.108 1.2502 -0.2 0.97
16.125 1.257 -0.2 0.97
16.135 1.261 -0.2 0.97
16.157 1.2698 -0.2 0.97
16.174 1.2766 -0.2 0.97
16.265 1.313 -0.2 0.97
16.288 1.3222 -0.2 0.97
16.303 1.3282 -0.2 0.97
16.32 1.335 -0.2 0.97
16.34 1.343 -0.2 0.97
16.36 1.351 -0.2 0.97
16.447 1.3858 -0.2 0.97
16.463 1.3922 -0.2 0.97
16.479 1.3986 -0.2 0.97
16.503 1.4082 -0.2 0.97
16.517 1.4138 -0.2 0.97
16.534 1.4206 -0.2 0.97
16.551 1.4274 -0.2 0.97
16.637 1.4618 -0.2 0.97
16.661 1.4714 -0.2 0.97
16.685 1.481 -0.2 0.97
16.703 1.4882 -0.2 0.97
16.715 1.493 -0.2 0.97
16.739 1.5026 -0.2 0.97
16.82 1.535 -0.2 0.97
16.836 1.5414 -0.2 0.97
16.846 1.5454 -0.2 0.97
16.859 1.5506 -0.2 0.97
16.872 1.5558 -0.2 0.97
16.892 1.5638 -0.2 0.97
16.909 1.5706 -0.2 0.97
16.928 1.5782 -0.2 0.97
17.025 1.617 -0.2 0.97
17.04 1.623 -0.2 0.97
17.053 1.6282 -0.2 0.97
17.075 1.637 -0.2 0.97
17.101 1.6474 -0.2 0.97
17.118 1.6542 -0.2 0.97
17.137 1.6618 -0.2 0.97
17.219 1.6946 -0.2 0.97
17.234 1.7006 -0.2 0.97
17.246 1.7054 -0.2 0.97
17.262 1.7118 -0.2 0.97
17.273 1.7162 -0.2 0.97
17.293 1.7242 -0.2 0.97
17.316 1.7334 -0.2 0.97
17.406 1.7694 -0.2 0.97
17.426 1.7774 -0.2 0.97
17.443 1.7842 -0.2 0.97
17.471 1.7954 -0.2 0.97
17.487 1.8018 -0.2 0.97
17.508 1.807 -0.2 0.9732
17.592 1.807 -0.2 1.0068
17.607 1.807 -0.2 1.0128
17.626 1.807 -0.2 1.0204
17.644 1.807 -0.2 1.0276
17.665 1.807 -0.2 1.036
17.681 1.807 -0.2 1.0424
17.702 1.807 -0.2 1.0508
17.793 1.807 -0.2 1.0872
17.809 1.807 -0.2 1.0936
17.831 1.807 -0.2 1.1024
17.851 1.807 -0.2 1.1104
17.867 1.807 -0.2 1.1168
17.888 1.807 -0.2 1.1252
17.972 1.807 -0.2 1.1588
17.995 1.807 -0.2 1.168
18.004 1.807 -0.2 1.1716
18.021 1.807 -0.2 1.1784
18.034 1.807 -0.2 1.1836
18.051 1.807 -0.2 1.1904
18.063 1.807 -0.2 1.1952
18.077 1.807 -0.2 1.2008
18.154 1.807 -0.2 1.2316
18.169 1.807 -0.2 1.2376
18.18 1.807 -0.2 1.242
18.195 1.807 -0.2 1.248
18.209 1.807 -0.2 1.2536
18.228 1.807 -0.2 1.2612
18.254 1.807 -0.2 1.2716
18.345 1.807 -0.2 1.308
18.362 1.807 -0.2 1.3148
18.374 1.807 -0.2 1.3196
18.388 1.807 -0.2 1.3252
18.406 1.807 -0.2 1.3324
18.424 1.807 -0.2 1.3396
18.435 1.807 -0.2 1.344
18.446 1.807 -0.2 1.3484
18.546 1.807 -0.2 1.3884
18.564 1.807 -0.2 1.3956
18.578 1.807 -0.2 1.4012
18.59 1.807 -0.2 1.406
18.606 1.807 -0.2 1.4124
18.619 1.807 -0.2 1.4176
18.632 1.807 -0.2 1.4228
18.646 1.807 -0.2 1.4284
18.716 1.807 -0.2 1.4564
18.728 1.807 -0.2 1.4612
18.75 1.807 -0.2 1.47
18.767 1.807 -0.2 1.4768
18.781 1.807 -0.2 1.4824
18.8 1.807 -0.2 1.49
18.812 1.807 -0.2 1.4948
18.828 1.807 -0.2 1.5012
18.913 1.807 -0.2 1.5352
18.937 1.807 -0.2 1.5448
18.949 1.807 -0.2 1.5496
18.971 1.807 -0.2 1.5584
18.987 1.807 -0.2 1.5648
19.002 1.807 -0.2 1.5708
19.081 1.807 -0.2 1.6024
19.099 1.807 -0.2 1.6096
19.113 1.807 -0.2 1.6152
19.13 1.807 -0.2 1.622
19.148 1.807 -0.2 1.6292
19.164 1.807 -0.2 1.6356
19.179 1.807 -0.2 1.6416
19.255 1.807 -0.2 1.672
19.277 1.807 -0.2 1.6808
19.295 1.807 -0.2 1.688
19.309 1.807 -0.2 1.6936
19.325 1.807 -0.2 1.7
19.34 1.807 -0.2 1.706
19.352 1.807 -0.2 1.7108
19.445 1.807 -0.2 1.748
19.464 1.807 -0.2 1.7556
19.491 1.807 -0.2 1.7664
19.508 1.807 -0.2 1.7732
19.532 1.807 -0.2 1.7828
19.543 1.807 -0.2 1.7872
19.554 1.807 -0.2 1.7916
19.64 1.807 -0.2 1.826
19.658 1.807 -0.2 1.8332
19.677 1.807 -0.2 1.8408
19.687 1.807 -0.2 1.8448
19.698 1.807 -0.2 1.8492
19.721 1.807 -0.2 1.8584
19.735 1.807 -0.2 1.864
19.753 1.807 -0.2 1.8712
19.845 1.807 -0.2 1.908
19.87 1.807 -0.2 1.918
19.882 1.807 -0.2 1.9228
19.895 1.807 -0.2 1.928
19.912 1.807 -0.2 1.9348
19.932 1.807 -0.2 1.9428
20.021 1.7986 -0.2 1.97
20.032 1.7942 -0.2 1.97
20.048 1.7878 -0.2 1.97
20.063 1.7818 -0.2 1.97
20.081 1.7746 -0.2 1.97
20.1 1.767 -0.2 1.97
20.112 1.7622 -0.2 1.97
20.19 1.731 -0.2 1.97
20.201 1.7266 -0.2 1.97
20.213 1.7218 -0.2 1.97
20.231 1.7146 -0.2 1.97
20.25 1.707 -0.2 1.97
20.267 1.7002 -0.2 1.97
20.292 1.6902 -0.2 1.97
20.371 1.6586 -0.2 1.97
20.4 1.647 -0.2 1.97
20.418 1.6398 -0.2 1.97
20.441 1.6306 -0.2 1.97
20.45 1.627 -0.2 1.97
20.471 1.6186 -0.2 1.97
20.551 1.5866 -0.2 1.97
20.57 1.579 -0.2 1.97
20.586 1.5726 -0.2 1.97
20.61 1.563 -0.2 1.97
20.628 1.5558 -0.2 1.97
20.644 1.5494 -0.2 1.97
20.661 1.5426 -0.2 1.97
20.741 1.5106 -0.2 1.97
20.762 1.5022 -0.2 1.97
20.787 1.4922 -0.2 1.97
20.809 1.4834 -0.2 1.97
20.819 1.4794 -0.2 1.97
20.834 1.4734 -0.2 1.97
20.848 1.4678 -0.2 1.97
20.949 1.4274 -0.2 1.97
20.974 1.4174 -0.2 1.97
20.99 1.411 -0.2 1.97
21.008 1.4038 -0.2 1.97
21.023 1.3978 -0.2 1.97
21.043 1.3898 -0.2 1.97
21.055 1.385 -0.2 1.97
21.135 1.353 -0.2 1.97
21.148 1.3478 -0.2 1.97
21.16 1.343 -0.2 1.97
21.175 1.337 -0.2 1.97
21.191 1.3306 -0.2 1.97
21.213 1.3218 -0.2 1.97
21.231 1.3146 -0.2 1.97
21.242 1.3102 -0.2 1.97
21.336 1.2726 -0.2 1.97
21.357 1.2642 -0.2 1.97
21.379 1.2554 -0.2 1.97
21.394 1.2494 -0.2 1.97
21.41 1.243 -0.2 1.97
21.419 1.2394 -0.2 1.97
21.431 1.2346 -0.2 1.97
21.452 1.2262 -0.2 1.97
21.532 1.1942 -0.2 1.97
21.543 1.1898 -0.2 1.97
21.559 1.1834 -0.2 1.97
21.577 1.1762 -0.2 1.97
21.589 1.1714 -0.2 1.97
21.601 1.1666 -0.2 1.97
21.618 1.1598 -0.2 1.97
21.645 1.149 -0.2 1.97
21.74 1.111 -0.2 1.97
21.768 1.0998 -0.2 1.97
21.785 1.093 -0.2 1.97
21.796 1.0886 -0.2 1.97
21.814 1.0814 -0.2 1.97
21.832 1.0742 -0.2 1.97
21.937 1.0322 -0.2 1.97
21.958 1.0238 -0.2 1.97
21.984 1.0134 -0.2 1.97
22.008 1.0038 -0.2 1.97
22.019 0.9994 -0.2 1.97
22.034 0.9934 -0.2 1.97
22.134 0.9534 -0.2 1.97
22.154 0.9454 -0.2 1.97
22.171 0.9386 -0.2 1.97
22.192 0.9302 -0.2 1.97
22.209 0.9234 -0.2 1.97
22.232 0.9142 -0.2 1.97
22.335 0.873 -0.2 1.97
22.358 0.8638 -0.2 1.97
22.379 0.8554 -0.2 1.97
22.393 0.8498 -0.2 1.97
22.413 0.8418 -0.2 1.97
22.432 0.8342 -0.2 1.97
22.534 0.807 -0.2 1.9564
22.551 0.807 -0.2 1.9496
22.564 0.807 -0.2 1.9444
22.582 0.807 -0.2 1.9372
22.595 0.807 -0.2 1.932
22.616 0.807 -0.2 1.9236
22.633 0.807 -0.2 1.9168
22.733 0.807 -0.2 1.8768
22.751 0.807 -0.2 1.8696
22.765 0.807 -0.2 1.864
22.782 0.807 -0.2 1.8572
22.8 0.807 -0.2 1.85
22.821 0.807 -0.2 1.8416
22.84 0.807 -0.2 1.834
22.919 0.807 -0.2 1.8024
22.936 0.807 -0.2 1.7956
22.955 0.807 -0.2 1.788
22.971 0.807 -0.2 1.7816
22.99 0.807 -0.2 1.774
23.014 0.807 -0.2 1.7644
23.038 0.807 -0.2 1.7548
23.125 0.807 -0.2 1.72
23.146 0.807 -0.2 1.7116
23.165 0.807 -0.2 1.704
23.18 0.807 -0.2 1.698
23.205 0.807 -0.2 1.688
23.225 0.807 -0.2 1.68
23.305 0.807 -0.2 1.648
23.321 0.807 -0.2 1.6416
23.339 0.807 -0.2 1.6344
23.355 0.807 -0.2 1.628
23.367 0.807 -0.2 1.6232
23.391 0.807 -0.2 1.6136
23.404 0.807 -0.2 1.6084
23.505 0.807 -0.2 1.568
23.525 0.807 -0.2 1.56
23.542 0.807 -0.2 1.5532
23.555 0.807 -0.2 1.548
23.566 0.807 -0.2 1.5436
23.578 0.807 -0.2 1.5388
23.596 0.807 -0.2 1.5316
23.615 0.807 -0.2 1.524
23.71 0.807 -0.2 1.486
23.722 0.807 -0.2 1.4812
23.739 0.807 -0.2 1.4744
23.755 0.807 -0.2 1.468
23.779 0.807 -0.2 1.4584
23.793 0.807 -0.2 1.4528
23.817 0.807 -0.2 1.4432
23.903 0.807 -0.2 1.4088
23.924 0.807 -0.2 1.4004
23.94 0.807 -0.2 1.394
23.967 0.807 -0.2 1.3832
23.987 0.807 -0.2 1.3752
24.01 0.807 -0.2 1.366
24.094 0.807 -0.2 1.3324
24.128 0.807 -0.2 1.3188
24.143 0.807 -0.2 1.3128
24.159 0.807 -0.2 1.3064
24.181 0.807 -0.2 1.2976
24.192 0.807 -0.2 1.2932
24.282 0.807 -0.2 1.2572
24.309 0.807 -0.2 1.2464
24.324 0.807 -0.2 1.2404
24.346 0.807 -0.2 1.2316
24.358 0.807 -0.2 1.2268
24.379 0.807 -0.2 1.2184
24.48 0.807 -0.2 1.178
24.5 0.807 -0.2 1.17
24.515 0.807 -0.2 1.164
24.53 0.807 -0.2 1.158
24.548 0.807 -0.2 1.1508
24.562 0.807 -0.2 1.1452
24.579 0.807 -0.2 1.1384
24.673 0.807 -0.2 1.1008
24.69 0.807 -0.2 1.094
24.705 0.807 -0.2 1.088
24.722 0.807 -0.2 1.0812
24.736 0.807 -0.2 1.0756
24.753 0.807 -0.2 1.0688
24.761 0.807 -0.2 1.0656
24.779 0.807 -0.2 1.0584
24.88 0.807 -0.2 1.018
24.901 0.807 -0.2 1.0096
24.917 0.807 -0.2 1.0032
24.938 0.807 -0.2 0.9948
24.955 0.807 -0.2 0.988
24.971 0.807 -0.2 0.9816
24.987 0.807 -0.2 0.9752
25.065 0.833 -0.2 0.97
25.084 0.8406 -0.2 0.97
25.109 0.8506 -0.2 0.97
25.121 0.8554 -0.2 0.97
25.149 0.8666 -0.2 0.97
25.163 0.8722 -0.2 0.97
25.276 0.9174 -0.2 0.97
25.297 0.9258 -0.2 0.97
25.314 0.9326 -0.2 0.97
25.334 0.9406 -0.2 0.97
25.367 0.9538 -0.2 0.97
25.467 0.9938 -0.2 0.97
25.49 1.003 -0.2 0.97
25.512 1.0118 -0.2 0.97
25.53 1.019 -0.2 0.97
25.548 1.0262 -0.2 0.97
25.569 1.0346 -0.2 0.97
25.659 1.0706 -0.2 0.97
25.681 1.0794 -0.2 0.97
25.702 1.0878 -0.2 0.97
25.715 1.093 -0.2 0.97
25.732 1.0998 -0.2 0.97
25.746 1.1054 -0.2 0.97
25.761 1.1114 -0.2 0.97
25.857 1.1498 -0.2 0.97
25.88 1.159 -0.2 0.97
25.908 1.1702 -0.2 0.97
25.924 1.1766 -0.2 0.97
25.947 1.1858 -0.2 0.97
25.965 1.193 -0.2 0.97
26.069 1.2346 -0.2 0.97
26.092 1.2438 -0.2 0.97
26.11 1.251 -0.2 0.97
26.134 1.2606 -0.2 0.97
26.152 1.2678 -0.2 0.97
26.165 1.273 -0.2 0.97
26.266 1.3134 -0.2 0.97
26.284 1.3206 -0.2 0.97
26.301 1.3274 -0.2 0.97
26.322 1.3358 -0.2 0.97
26.341 1.3434 -0.2 0.97
26.363 1.3522 -0.2 0.97
26.45 1.387 -0.2 0.97
26.464 1.3926 -0.2 0.97
26.488 1.4022 -0.2 0.97
26.507 1.4098 -0.2 0.97
26.522 1.4158 -0.2 0.97
26.549 1.4266 -0.2 0.97
26.644 1.4646 -0.2 0.97
26.664 1.4726 -0.2 0.97
26.682 1.4798 -0.2 0.97
26.703 1.4882 -0.2 0.97
26.721 1.4954 -0.2 0.97
26.741 1.5034 -0.2 0.97
26.831 1.5394 -0.2 0.97
26.852 1.5478 -0.2 0.97
26.868 1.5542 -0.2 0.97
26.896 1.5654 -0.2 0.97
26.908 1.5702 -0.2 0.97
26.932 1.5798 -0.2 0.97
27.017 1.6138 -0.2 0.97
27.037 1.6218 -0.2 0.97
27.059 1.6306 -0.2 0.97
27.076 1.6374 -0.2 0.97
27.098 1.6462 -0.2 0.97
27.115 1.653 -0.2 0.97
27.215 1.693 -0.2 0.97
27.236 1.7014 -0.2 0.97
27.254 1.7086 -0.2 0.97
27.276 1.7174 -0.2 0.97
27.299 1.7266 -0.2 0.97
27.309 1.7306 -0.2 0.97
27.396 1.7654 -0.2 0.97
27.419 1.7746 -0.2 0.97
27.438 1.7822 -0.2 0.97
27.459 1.7906 -0.2 0.97
27.474 1.7966 -0.2 0.97
27.491 1.8034 -0.2 0.97
27.512 1.807 -0.2 0.9748
27.606 1.807 -0.2 1.0124
27.625 1.807 -0.2 1.02
27.64 1.807 -0.2 1.026
27.66 1.807 -0.2 1.034
27.675 1.807 -0.2 1.04
27.688 1.807 -0.2 1.0452
27.702 1.807 -0.2 1.0508
27.79 1.807 -0.2 1.086
27.81 1.807 -0.2 1.094
27.832 1.807 -0.2 1.1028
27.85 1.807 -0.2 1.11
27.869 1.807 -0.2 1.1176
27.879 1.807 -0.2 1.1216
27.902 1.807 -0.2 1.1308
27.989 1.807 -0.2 1.1656
28.01 1.807 -0.2 1.174
28.029 1.807 -0.2 1.1816
28.048 1.807 -0.2 1.1892
28.07 1.807 -0.2 1.198
28.084 1.807 -0.2 1.2036
28.105 1.807 -0.2 1.212
28.202 1.807 -0.2 1.2508
28.223 1.807 -0.2 1.2592
28.234 1.807 -0.2 1.2636
28.246 1.807 -0.2 1.2684
28.262 1.807 -0.2 1.2748
28.279 1.807 -0.2 1.2816
28.291 1.807 -0.2 1.2864
28.309 1.807 -0.2 1.2936
28.405 1.807 -0.2 1.332
28.421 1.807 -0.2 1.3384
28.453 1.807 -0.2 1.3512
28.474 1.807 -0.2 1.3596
28.493 1.807 -0.2 1.3672
28.506 1.807 -0.2 1.3724
28.613 1.807 -0.2 1.4152
28.64 1.807 -0.2 1.426
28.671 1.807 -0.2 1.4384
28.688 1.807 -0.2 1.4452
28.717 1.807 -0.2 1.4568
28.804 1.807 -0.2 1.4916
28.819 1.807 -0.2 1.4976
28.835 1.807 -0.2 1.504
28.846 1.807 -0.2 1.5084
28.862 1.807 -0.2 1.5148
28.883 1.807 -0.2 1.5232
28.907 1.807 -0.2 1.5328
28.997 1.807 -0.2 1.5688
29.01 1.807 -0.2 1.574
29.03 1.807 -0.2 1.582
29.041 1.807 -0.2 1.5864
29.073 1.807 -0.2 1.5992
29.09 1.807 -0.2 1.606
29.108 1.807 -0.2 1.6132
29.207 1.807 -0.2 1.6528
29.22 1.807 -0.2 1.658
29.241 1.807 -0.2 1.6664
29.257 1.807 -0.2 1.6728
29.272 1.807 -0.2 1.6788
29.29 1.807 -0.2 1.686
29.307 1.807 -0.2 1.6928
29.412 1.807 -0.2 1.7348
29.431 1.807 -0.2 1.7424
29.454 1.807 -0.2 1.7516
29.468 1.807 -0.2 1.7572
29.48 1.807 -0.2 1.762
29.486 1.807 -0.2 1.7644
29.502 1.807 -0.2 1.7708
29.591 1.807 -0.2 1.8064
29.608 1.807 -0.2 1.8132
29.62 1.807 -0.2 1.818
29.641 1.807 -0.2 1.8264
29.665 1.807 -0.2 1.836
29.681 1.807 -0.2 1.8424
29.698 1.807 -0.2 1.8492
29.787 1.807 -0.2 1.8848
29.804 1.807 -0.2 1.8916
29.812 1.807 -0.2 1.8948
29.825 1.807 -0.2 1.9
29.841 1.807 -0.2 1.9064
29.856 1.807 -0.2 1.9124
29.878 1.807 -0.2 1.9212
29.896 1.807 -0.2 1.9284
29.98 1.807 -0.2 1.962
30.001 1.8066 -0.2 1.97
30.018 1.7998 -0.2 1.97
30.032 1.7942 -0.2 1.97
30.048 1.7878 -0.2 1.97
30.062 1.7822 -0.2 1.97
30.077 1.7762 -0.2 1.97
30.167 1.7402 -0.2 1.97
30.185 1.733 -0.2 1.97
30.203 1.7258 -0.2 1.97
30.218 1.7198 -0.2 1.97
30.234 1.7134 -0.2 1.97
30.251 1.7066 -0.2 1.97
30.271 1.6986 -0.2 1.97
30.353 1.6658 -0.2 1.97
30.373 1.6578 -0.2 1.97
30.394 1.6494 -0.2 1.97
30.404 1.6454 -0.2 1.97
30.421 1.6386 -0.2 1.97
30.441 1.6306 -0.2 1.97
30.46 1.623 -0.2 1.97
30.543 1.5898 -0.2 1.97
30.565 1.581 -0.2 1.97
30.588 1.5718 -0.2 1.97
30.607 1.5642 -0.2 1.97
30.619 1.5594 -0.2 1.97
30.631 1.5546 -0.2 1.97
30.641 1.5506 -0.2 1.97
30.729 1.5154 -0.2 1.97
30.757 1.5042 -0.2 1.97
30.778 1.4958 -0.2 1.97
30.796 1.4886 -0.2 1.97
30.814 1.4814 -0.2 1.97
30.829 1.4754 -0.2 1.97
30.921 1.4386 -0.2 1.97
30.948 1.4278 -0.2 1.97
30.968 1.4198 -0.2 1.97
30.988 1.4118 -0.2 1.97
31.003 1.4058 -0.2 1.97
31.015 1.401 -0.2 1.97
31.096 1.3686 -0.2 1.97
31.118 1.3598 -0.2 1.97
31.136 1.3526 -0.2 1.97
31.147 1.3482 -0.2 1.97
31.166 1.3406 -0.2 1.97
31.179 1.3354 -0.2 1.97
31.194 1.3294 -0.2 1.97
31.211 1.3226 -0.2 1.97
31.295 1.289 -0.2 1.97
31.319 1.2794 -0.2 1.97
31.329 1.2754 -0.2 1.97
31.351 1.2666 -0.2 1.97
31.375 1.257 -0.2 1.97
31.394 1.2494 -0.2 1.97
31.496 1.2086 -0.2 1.97
31.515 1.201 -0.2 1.97
31.534 1.1934 -0.2 1.97
31.544 1.1894 -0.2 1.97
31.564 1.1814 -0.2 1.97
31.582 1.1742 -0.2 1.97
31.669 1.1394 -0.2 1.97
31.689 1.1314 -0.2 1.97
31.711 1.1226 -0.2 1.97
31.722 1.1182 -0.2 1.97
31.74 1.111 -0.2 1.97
31.755 1.105 -0.2 1.97
31.765 1.101 -0.2 1.97
31.784 1.0934 -0.2 1.97
31.869 1.0594 -0.2 1.97
31.887 1.0522 -0.2 1.97
31.916 1.0406 -0.2 1.97
31.928 1.0358 -0.2 1.97
31.944 1.0294 -0.2 1.97
31.96 1.023 -0.2 1.97
31.985 1.013 -0.2 1.97
32.091 0.9706 -0.2 1.97
32.113 0.9618 -0.2 1.97
32.133 0.9538 -0.2 1.97
32.145 0.949 -0.2 1.97
32.169 0.9394 -0.2 1.97
32.186 0.9326 -0.2 1.97
32.272 0.8982 -0.2 1.97
32.283 0.8938 -0.2 1.97
32.301 0.8866 -0.2 1.97
32.319 0.8794 -0.2 1.97
32.335 0.873 -0.2 1.97
32.357 0.8642 -0.2 1.97
32.386 0.8526 -0.2 1.97
32.474 0.8174 -0.2 1.97
32.495 0.809 -0.2 1.97
32.505 0.807 -0.2 1.968
32.516 0.807 -0.2 1.9636
32.536 0.807 -0.2 1.9556
32.55 0.807 -0.2 1.95
32.568 0.807 -0.2 1.9428
32.584 0.807 -0.2 1.9364
32.679 0.807 -0.2 1.8984
32.699 0.807 -0.2 1.8904
32.712 0.807 -0.2 1.8852
32.725 0.807 -0.2 1.88
32.74 0.807 -0.2 1.874
32.752 0.807 -0.2 1.8692
32.766 0.807 -0.2 1.8636
32.793 0.807 -0.2 1.8528
32.891 0.807 -0.2 1.8136
32.913 0.807 -0.2 1.8048
32.939 0.807 -0.2 1.7944
32.958 0.807 -0.2 1.7868
32.971 0.807 -0.2 1.7816
32.988 0.807 -0.2 1.7748
33.091 0.807 -0.2 1.7336
33.115 0.807 -0.2 1.724
33.132 0.807 -0.2 1.7172
33.153 0.807 -0.2 1.7088
33.172 0.807 -0.2 1.7012
33.192 0.807 -0.2 1.6932
33.295 0.807 -0.2 1.652
33.314 0.807 -0.2 1.6444
33.33 0.807 -0.2 1.638
33.347 0.807 -0.2 1.6312
33.359 0.807 -0.2 1.6264
33.383 0.807 -0.2 1.6168
33.399 0.807 -0.2 1.6104
33.493 0.807 -0.2 1.5728
33.506 0.807 -0.2 1.5676
33.525 0.807 -0.2 1.56
33.548 0.807 -0.2 1.5508
33.578 0.807 -0.2 1.5388
33.594 0.807 -0.2 1.5324
33.675 0.807 -0.2 1.5
33.696 0.807 -0.2 1.4916
33.716 0.807 -0.2 1.4836
33.732 0.807 -0.2 1.4772
33.745 0.807 -0.2 1.472
33.758 0.807 -0.2 1.4668
33.768 0.807 -0.2 1.4628
33.858 0.807 -0.2 1.4268
33.877 0.807 -0.2 1.4192
33.893 0.807 -0.2 1.4128
33.91 0.807 -0.2 1.406
33.933 0.807 -0.2 1.3968
33.948 0.807 -0.2 1.3908
33.97 0.807 -0.2 1.382
34.047 0.807 -0.2 1.3512
34.061 0.807 -0.2 1.3456
34.079 0.807 -0.2 1.3384
34.093 0.807 -0.2 1.3328
34.112 0.807 -0.2 1.3252
34.126 0.807 -0.2 1.3196
34.149 0.807 -0.2 1.3104
34.255 0.807 -0.2 1.268
34.27 0.807 -0.2 1.262
34.282 0.807 -0.2 1.2572
34.295 0.807 -0.2 1.252
34.316 0.807 -0.2 1.2436
34.332 0.807 -0.2 1.2372
34.351 0.807 -0.2 1.2296
34.357 0.807 -0.2 1.2272
34.446 0.807 -0.2 1.1916
34.467 0.807 -0.2 1.1832
34.482 0.807 -0.2 1.1772
34.495 0.807 -0.2 1.172
34.519 0.807 -0.2 1.1624
34.53 0.807 -0.2 1.158
34.537 0.807 -0.2 1.1552
34.624 0.807 -0.2 1.1204
34.641 0.807 -0.2 1.1136
34.653 0.807 -0.2 1.1088
34.674 0.807 -0.2 1.1004
34.693 0.807 -0.2 1.0928
34.714 0.807 -0.2 1.0844
34.738 0.807 -0.2 1.0748
34.846 0.807 -0.2 1.0316
34.858 0.807 -0.2 1.0268
34.879 0.807 -0.2 1.0184
34.896 0.807 -0.2 1.0116
34.907 0.807 -0.2 1.0072
34.923 0.807 -0.2 1.0008
34.944 0.807 -0.2 0.9924
35.042 0.8238 -0.2 0.97
35.064 0.8326 -0.2 0.97
35.081 0.8394 -0.2 0.97
35.097 0.8458 -0.2 0.97
35.118 0.8542 -0.2 0.97
35.134 0.8606 -0.2 0.97
35.15 0.867 -0.2 0.97
35.232 0.8998 -0.2 0.97
35.251 0.9074 -0.2 0.97
35.27 0.915 -0.2 0.97
35.294 0.9246 -0.2 0.97
35.318 0.9342 -0.2 0.97
35.334 0.9406 -0.2 0.97
35.434 0.9806 -0.2 0.97
35.452 0.9878 -0.2 0.97
35.471 0.9954 -0.2 0.97
35.492 1.0038 -0.2 0.97
35.51 1.011 -0.2 0.97
35.527 1.0178 -0.2 0.97
35.614 1.0526 -0.2 0.97
35.636 1.0614 -0.2 0.97
35.648 1.0662 -0.2 0.97
35.668 1.0742 -0.2 0.97
35.689 1.0826 -0.2 0.97
35.706 1.0894 -0.2 0.97
35.795 1.125 -0.2 0.97
35.811 1.1314 -0.2 0.97
35.841 1.1434 -0.2 0.97
35.852 1.1478 -0.2 0.97
35.864 1.1526 -0.2 0.97
35.882 1.1598 -0.2 0.97
35.905 1.169 -0.2 0.97
35.996 1.2054 -0.2 0.97
36.011 1.2114 -0.2 0.97
36.024 1.2166 -0.2 0.97
36.044 1.2246 -0.2 0.97
36.058 1.2302 -0.2 0.97
36.079 1.2386 -0.2 0.97
36.102 1.2478 -0.2 0.97
36.2 1.287 -0.2 0.97
36.207 1.2898 -0.2 0.97
36.235 1.301 -0.2 0.97
36.254 1.3086 -0.2 0.97
36.27 1.315 -0.2 0.97
36.281 1.3194 -0.2 0.97
36.293 1.3242 -0.2 0.97
36.381 1.3594 -0.2 0.97
36.4 1.367 -0.2 0.97
36.426 1.3774 -0.2 0.97
36.451 1.3874 -0.2 0.97
36.471 1.3954 -0.2 0.97
36.56 1.431 -0.2 0.97
36.581 1.4394 -0.2 0.97
36.595 1.445 -0.2 0.97
36.613 1.4522 -0.2 0.97
36.632 1.4598 -0.2 0.97
36.645 1.465 -0.2 0.97
36.662 1.4718 -0.2 0.97
36.745 1.505 -0.2 0.97
36.765 1.513 -0.2 0.97
36.786 1.5214 -0.2 0.97
36.802 1.5278 -0.2 0.97
36.82 1.535 -0.2 0.97
36.836 1.5414 -0.2 0.97
36.854 1.5486 -0.2 0.97
36.936 1.5814 -0.2 0.97
36.946 1.5854 -0.2 0.97
36.964 1.5926 -0.2 0.97
36.981 1.5994 -0.2 0.97
36.991 1.6034 -0.2 0.97
37.008 1.6102 -0.2 0.97
37.024 1.6166 -0.2 0.97
37.037 1.6218 -0.2 0.97
37.146 1.6654 -0.2 0.97
37.164 1.6726 -0.2 0.97
37.183 1.6802 -0.2 0.97
37.195 1.685 -0.2 0.97
37.21 1.691 -0.2 0.97
37.228 1.6982 -0.2 0.97
37.249 1.7066 -0.2 0.97
37.351 1.7474 -0.2 0.97
37.37 1.755 -0.2 0.97
37.378 1.7582 -0.2 0.97
37.391 1.7634 -0.2 0.97
37.409 1.7706 -0.2 0.97
37.426 1.7774 -0.2 0.97
37.444 1.7846 -0.2 0.97
37.458 1.7902 -0.2 0.97
37.55 1.807 -0.2 0.99
37.573 1.807 -0.2 0.9992
37.592 1.807 -0.2 1.0068
37.609 1.807 -0.2 1.0136
37.626 1.807 -0.2 1.0204
37.651 1.807 -0.2 1.0304
37.751 1.807 -0.2 1.0704
37.777 1.807 -0.2 1.0808
37.799 1.807 -0.2 1.0896
37.828 1.807 -0.2 1.1012
37.843 1.807 -0.2 1.1072
37.929 1.807 -0.2 1.1416
37.951 1.807 -0.2 1.1504
37.968 1.807 -0.2 1.1572
37.987 1.807 -0.2 1.1648
38 1.807 -0.2 1.17
38.025 1.807 -0.2 1.18
38.047 1.807 -0.2 1.1888
38.139 1.807 -0.2 1.2256
38.164 1.807 -0.2 1.2356
38.183 1.807 -0.2 1.2432
38.209 1.807 -0.2 1.2536
38.229 1.807 -0.2 1.2616
38.245 1.807 -0.2 1.268
38.331 1.807 -0.2 1.3024
38.34 1.807 -0.2 1.306
38.354 1.807 -0.2 1.3116
38.375 1.807 -0.2 1.32
38.394 1.807 -0.2 1.3276
38.414 1.807 -0.2 1.3356
38.426 1.807 -0.2 1.3404
38.449 1.807 -0.2 1.3496
38.544 1.807 -0.2 1.3876
38.566 1.807 -0.2 1.3964
38.586 1.807 -0.2 1.4044
38.607 1.807 -0.2 1.4128
38.62 1.807 -0.2 1.418
38.638 1.807 -0.2 1.4252
38.654 1.807 -0.2 1.4316
38.74 1.807 -0.2 1.466
38.756 1.807 -0.2 1.4724
38.772 1.807 -0.2 1.4788
38.783 1.807 -0.2 1.4832
38.8 1.807 -0.2 1.49
38.814 1.807 -0.2 1.4956
38.832 1.807 -0.2 1.5028
38.927 1.807 -0.2 1.5408
38.945 1.807 -0.2 1.548
38.968 1.807 -0.2 1.5572
38.986 1.807 -0.2 1.5644
39.002 1.807 -0.2 1.5708
39.02 1.807 -0.2 1.578
39.036 1.807 -0.2 1.5844
39.108 1.807 -0.2 1.6132
39.13 1.807 -0.2 1.622
39.149 1.807 -0.2 1.6296
39.167 1.807 -0.2 1.6368
39.183 1.807 -0.2 1.6432
39.197 1.807 -0.2 1.6488
39.211 1.807 -0.2 1.6544
39.297 1.807 -0.2 1.6888
39.329 1.807 -0.2 1.7016
39.355 1.807 -0.2 1.712
39.381 1.807 -0.2 1.7224
39.4 1.807 -0.2 1.73
39.479 1.807 -0.2 1.7616
39.497 1.807 -0.2 1.7688
39.504 1.807 -0.2 1.7716
39.515 1.807 -0.2 1.776
39.531 1.807 -0.2 1.7824
39.549 1.807 -0.2 1.7896
39.571 1.807 -0.2 1.7984
39.596 1.807 -0.2 1.8084
39.685 1.807 -0.2 1.844
39.703 1.807 -0.2 1.8512
39.722 1.807 -0.2 1.8588
39.749 1.807 -0.2 1.8696
39.761 1.807 -0.2 1.8744
39.78 1.807 -0.2 1.882
39.887 1.807 -0.2 1.9248
39.917 1.807 -0.2 1.9368
39.928 1.807 -0.2 1.9412
39.943 1.807 -0.2 1.9472
39.959 1.807 -0.2 1.9536
39.977 1.807 -0.2 1.9608
39.997 1.807 -0.2 1.9688
40.09 1.771 -0.2 1.97
40.103 1.7658 -0.2 1.97
40.126 1.7566 -0.2 1.97
40.143 1.7498 -0.2 1.97
40.164 1.7414 -0.2 1.97
40.184 1.7334 -0.2 1.97
40.2 1.727 -0.2 1.97
40.297 1.6882 -0.2 1.97
40.318 1.6798 -0.2 1.97
40.347 1.6682 -0.2 1.97
40.361 1.6626 -0.2 1.97
40.377 1.6562 -0.2 1.97
40.394 1.6494 -0.2 1.97
40.482 1.6142 -0.2 1.97
40.512 1.6022 -0.2 1.97
40.53 1.595 -0.2 1.97
40.542 1.5902 -0.2 1.97
40.554 1.5854 -0.2 1.97
40.571 1.5786 -0.2 1.97
40.603 1.5658 -0.2 1.97
40.653 1.5458 -0.2 1.97
