0.003 1.8058 -0.2 1.97
0.019 1.7994 -0.2 1.97
0.048 1.7878 -0.2 1.97
0.078 1.7758 -0.2 1.97
0.093 1.7698 -0.2 1.97
0.111 1.7626 -0.2 1.97
0.12 1.759 -0.2 1.97
0.135 1.753 -0.2 1.97
0.148 1.7478 -0.2 1.97
0.162 1.7422 -0.2 1.97
0.175 1.737 -0.2 1.97
0.19 1.731 -0.2 1.97
0.205 1.725 -0.2 1.97
0.241 1.7106 -0.2 1.97
0.252 1.7062 -0.2 1.97
0.268 1.6998 -0.2 1.97
0.285 1.693 -0.2 1.97
0.299 1.6874 -0.2 1.97
0.308 1.6838 -0.2 1.97
0.327 1.6762 -0.2 1.97
0.352 1.6662 -0.2 1.97
0.368 1.6598 -0.2 1.97
0.385 1.653 -0.2 1.97
0.398 1.6478 -0.2 1.97
0.414 1.6414 -0.2 1.97
0.435 1.633 -0.2 1.97
0.45 1.627 -0.2 1.97
0.471 1.6186 -0.2 1.97
0.491 1.6106 -0.2 1.97
0.499 1.6074 -0.2 1.97
0.507 1.6042 -0.2 1.97
0.528 1.5958 -0.2 1.97
0.546 1.5886 -0.2 1.97
0.56 1.583 -0.2 1.97
0.573 1.5778 -0.2 1.97
0.583 1.5738 -0.2 1.97
0.603 1.5658 -0.2 1.97
0.618 1.5598 -0.2 1.97
0.634 1.5534 -0.2 1.97
0.645 1.549 -0.2 1.97
0.666 1.5406 -0.2 1.97
0.682 1.5342 -0.2 1.97
0.693 1.5298 -0.2 1.97
0.72 1.519 -0.2 1.97
0.737 1.5122 -0.2 1.97
0.757 1.5042 -0.2 1.97
0.773 1.4978 -0.2 1.97
0.792 1.4902 -0.2 1.97
0.822 1.4782 -0.2 1.97
0.835 1.473 -0.2 1.97
0.852 1.4662 -0.2 1.97
0.87 1.459 -0.2 1.97
0.89 1.451 -0.2 1.97
0.909 1.4434 -0.2 1.97
0.93 1.435 -0.2 1.97
0.949 1.4274 -0.2 1.97
0.965 1.421 -0.2 1.97
0.982 1.4142 -0.2 1.97
0.998 1.4078 -0.2 1.97
1.012 1.4022 -0.2 1.97
1.029 1.3954 -0.2 1.97
1.046 1.3886 -0.2 1.97
1.068 1.3798 -0.2 1.97
1.085 1.373 -0.2 1.97
1.111 1.3626 -0.2 1.97
1.135 1.353 -0.2 1.97
1.159 1.3434 -0.2 1.97
1.177 1.3362 -0.2 1.97
1.189 1.3314 -0.2 1.97
1.209 1.3234 -0.2 1.97
1.223 1.3178 -0.2 1.97
1.236 1.3126 -0.2 1.97
1.259 1.3034 -0.2 1.97
1.28 1.295 -0.2 1.97
1.294 1.2894 -0.2 1.97
1.304 1.2854 -0.2 1.97
1.322 1.2782 -0.2 1.97
1.336 1.2726 -0.2 1.97
1.356 1.2646 -0.2 1.97
1.374 1.2574 -0.2 1.97
1.388 1.2518 -0.2 1.97
1.406 1.2446 -0.2 1.97
1.42 1.239 -0.2 1.97
1.434 1.2334 -0.2 1.97
1.446 1.2286 -0.2 1.97
1.461 1.2226 -0.2 1.97
1.476 1.2166 -0.2 1.97
1.495 1.209 -0.2 1.97
1.509 1.2034 -0.2 1.97
1.522 1.1982 -0.2 1.97
1.539 1.1914 -0.2 1.97
1.555 1.185 -0.2 1.97
1.566 1.1806 -0.2 1.97
1.581 1.1746 -0.2 1.97
1.598 1.1678 -0.2 1.97
1.612 1.1622 -0.2 1.97
1.621 1.1586 -0.2 1.97
1.643 1.1498 -0.2 1.97
1.661 1.1426 -0.2 1.97
1.679 1.1354 -0.2 1.97
1.689 1.1314 -0.2 1.97
1.702 1.1262 -0.2 1.97
1.723 1.1178 -0.2 1.97
1.739 1.1114 -0.2 1.97
1.752 1.1062 -0.2 1.97
1.764 1.1014 -0.2 1.97
1.778 1.0958 -0.2 1.97
1.789 1.0914 -0.2 1.97
1.805 1.085 -0.2 1.97
1.821 1.0786 -0.2 1.97
1.837 1.0722 -0.2 1.97
1.851 1.0666 -0.2 1.97
1.867 1.0602 -0.2 1.97
1.877 1.0562 -0.2 1.97
1.89 1.051 -0.2 1.97
1.907 1.0442 -0.2 1.97
1.924 1.0374 -0.2 1.97
1.95 1.027 -0.2 1.97
1.968 1.0198 -0.2 1.97
1.982 1.0142 -0.2 1.97
1.999 1.0074 -0.2 1.97
2.018 0.9998 -0.2 1.97
2.038 0.9918 -0.2 1.97
2.051 0.9866 -0.2 1.97
2.07 0.979 -0.2 1.97
2.085 0.973 -0.2 1.97
2.098 0.9678 -0.2 1.97
2.11 0.963 -0.2 1.97
2.122 0.9582 -0.2 1.97
2.14 0.951 -0.2 1.97
2.153 0.9458 -0.2 1.97
2.166 0.9406 -0.2 1.97
2.181 0.9346 -0.2 1.97
2.198 0.9278 -0.2 1.97
2.214 0.9214 -0.2 1.97
2.235 0.913 -0.2 1.97
2.262 0.9022 -0.2 1.97
2.28 0.895 -0.2 1.97
2.288 0.8918 -0.2 1.97
2.302 0.8862 -0.2 1.97
2.32 0.879 -0.2 1.97
2.337 0.8722 -0.2 1.97
2.35 0.867 -0.2 1.97
2.372 0.8582 -0.2 1.97
2.386 0.8526 -0.2 1.97
2.405 0.845 -0.2 1.97
2.425 0.837 -0.2 1.97
2.445 0.829 -0.2 1.97
2.463 0.8218 -0.2 1.97
2.493 0.8098 -0.2 1.97
2.505 0.807 -0.2 1.968
2.523 0.807 -0.2 1.9608
2.538 0.807 -0.2 1.9548
2.554 0.807 -0.2 1.9484
2.577 0.807 -0.2 1.9392
2.598 0.807 -0.2 1.9308
2.613 0.807 -0.2 1.9248
2.63 0.807 -0.2 1.918
2.648 0.807 -0.2 1.9108
2.663 0.807 -0.2 1.9048
2.677 0.807 -0.2 1.8992
2.687 0.807 -0.2 1.8952
2.701 0.807 -0.2 1.8896
2.717 0.807 -0.2 1.8832
2.729 0.807 -0.2 1.8784
2.744 0.807 -0.2 1.8724
2.766 0.807 -0.2 1.8636
2.78 0.807 -0.2 1.858
2.793 0.807 -0.2 1.8528
2.81 0.807 -0.2 1.846
2.823 0.807 -0.2 1.8408
2.844 0.807 -0.2 1.8324
2.853 0.807 -0.2 1.8288
2.871 0.807 -0.2 1.8216
2.893 0.807 -0.2 1.8128
2.91 0.807 -0.2 1.806
2.93 0.807 -0.2 1.798
2.944 0.807 -0.2 1.7924
2.956 0.807 -0.2 1.7876
2.972 0.807 -0.2 1.7812
2.979 0.807 -0.2 1.7784
2.999 0.807 -0.2 1.7704
3.022 0.807 -0.2 1.7612
3.047 0.807 -0.2 1.7512
3.068 0.807 -0.2 1.7428
3.079 0.807 -0.2 1.7384
3.104 0.807 -0.2 1.7284
3.125 0.807 -0.2 1.72
3.146 0.807 -0.2 1.7116
3.159 0.807 -0.2 1.7064
3.182 0.807 -0.2 1.6972
3.199 0.807 -0.2 1.6904
3.217 0.807 -0.2 1.6832
3.231 0.807 -0.2 1.6776
3.245 0.807 -0.2 1.672
3.265 0.807 -0.2 1.664
3.284 0.807 -0.2 1.6564
3.298 0.807 -0.2 1.6508
3.314 0.807 -0.2 1.6444
3.322 0.807 -0.2 1.6412
3.342 0.807 -0.2 1.6332
3.357 0.807 -0.2 1.6272
3.372 0.807 -0.2 1.6212
3.389 0.807 -0.2 1.6144
3.404 0.807 -0.2 1.6084
3.422 0.807 -0.2 1.6012
3.435 0.807 -0.2 1.596
3.462 0.807 -0.2 1.5852
3.476 0.807 -0.2 1.5796
3.492 0.807 -0.2 1.5732
3.503 0.807 -0.2 1.5688
3.514 0.807 -0.2 1.5644
3.532 0.807 -0.2 1.5572
3.552 0.807 -0.2 1.5492
3.569 0.807 -0.2 1.5424
3.591 0.807 -0.2 1.5336
3.61 0.807 -0.2 1.526
3.628 0.807 -0.2 1.5188
3.64 0.807 -0.2 1.514
3.659 0.807 -0.2 1.5064
3.676 0.807 -0.2 1.4996
3.698 0.807 -0.2 1.4908
3.711 0.807 -0.2 1.4856
3.723 0.807 -0.2 1.4808
3.735 0.807 -0.2 1.476
3.753 0.807 -0.2 1.4688
3.777 0.807 -0.2 1.4592
3.786 0.807 -0.2 1.4556
3.802 0.807 -0.2 1.4492
3.816 0.807 -0.2 1.4436
3.832 0.807 -0.2 1.4372
3.843 0.807 -0.2 1.4328
3.861 0.807 -0.2 1.4256
3.878 0.807 -0.2 1.4188
3.894 0.807 -0.2 1.4124
3.909 0.807 -0.2 1.4064
3.927 0.807 -0.2 1.3992
3.941 0.807 -0.2 1.3936
3.958 0.807 -0.2 1.3868
3.977 0.807 -0.2 1.3792
3.993 0.807 -0.2 1.3728
4.009 0.807 -0.2 1.3664
4.028 0.807 -0.2 1.3588
4.043 0.807 -0.2 1.3528
4.059 0.807 -0.2 1.3464
4.078 0.807 -0.2 1.3388
4.091 0.807 -0.2 1.3336
4.105 0.807 -0.2 1.328
4.123 0.807 -0.2 1.3208
4.139 0.807 -0.2 1.3144
4.159 0.807 -0.2 1.3064
4.181 0.807 -0.2 1.2976
4.198 0.807 -0.2 1.2908
4.212 0.807 -0.2 1.2852
4.229 0.807 -0.2 1.2784
4.245 0.807 -0.2 1.272
4.259 0.807 -0.2 1.2664
4.278 0.807 -0.2 1.2588
4.293 0.807 -0.2 1.2528
4.311 0.807 -0.2 1.2456
4.322 0.807 -0.2 1.2412
4.345 0.807 -0.2 1.232
4.363 0.807 -0.2 1.2248
4.387 0.807 -0.2 1.2152
4.407 0.807 -0.2 1.2072
4.427 0.807 -0.2 1.1992
4.441 0.807 -0.2 1.1936
4.451 0.807 -0.2 1.1896
4.475 0.807 -0.2 1.18
4.485 0.807 -0.2 1.176
4.497 0.807 -0.2 1.1712
4.511 0.807 -0.2 1.1656
4.527 0.807 -0.2 1.1592
4.544 0.807 -0.2 1.1524
4.56 0.807 -0.2 1.146
4.578 0.807 -0.2 1.1388
4.596 0.807 -0.2 1.1316
4.611 0.807 -0.2 1.1256
4.627 0.807 -0.2 1.1192
4.639 0.807 -0.2 1.1144
4.655 0.807 -0.2 1.108
4.67 0.807 -0.2 1.102
4.684 0.807 -0.2 1.0964
4.703 0.807 -0.2 1.0888
4.715 0.807 -0.2 1.084
4.732 0.807 -0.2 1.0772
4.75 0.807 -0.2 1.07
4.767 0.807 -0.2 1.0632
4.785 0.807 -0.2 1.056
4.802 0.807 -0.2 1.0492
4.811 0.807 -0.2 1.0456
4.827 0.807 -0.2 1.0392
4.841 0.807 -0.2 1.0336
4.855 0.807 -0.2 1.028
4.867 0.807 -0.2 1.0232
4.879 0.807 -0.2 1.0184
4.89 0.807 -0.2 1.014
4.902 0.807 -0.2 1.0092
4.917 0.807 -0.2 1.0032
4.94 0.807 -0.2 0.994
4.962 0.807 -0.2 0.9852
4.976 0.807 -0.2 0.9796
4.992 0.807 -0.2 0.9732
5.001 0.8074 -0.2 0.97
5.016 0.8134 -0.2 0.97
5.03 0.819 -0.2 0.97
5.04 0.823 -0.2 0.97
5.061 0.8314 -0.2 0.97
5.084 0.8406 -0.2 0.97
5.096 0.8454 -0.2 0.97
5.114 0.8526 -0.2 0.97
5.128 0.8582 -0.2 0.97
5.145 0.865 -0.2 0.97
5.17 0.875 -0.2 0.97
5.188 0.8822 -0.2 0.97
5.203 0.8882 -0.2 0.97
5.224 0.8966 -0.2 0.97
5.238 0.9022 -0.2 0.97
5.269 0.9146 -0.2 0.97
5.288 0.9222 -0.2 0.97
5.31 0.931 -0.2 0.97
5.324 0.9366 -0.2 0.97
5.348 0.9462 -0.2 0.97
5.365 0.953 -0.2 0.97
5.383 0.9602 -0.2 0.97
5.401 0.9674 -0.2 0.97
5.416 0.9734 -0.2 0.97
5.432 0.9798 -0.2 0.97
5.453 0.9882 -0.2 0.97
5.471 0.9954 -0.2 0.97
5.486 1.0014 -0.2 0.97
5.502 1.0078 -0.2 0.97
5.519 1.0146 -0.2 0.97
5.535 1.021 -0.2 0.97
5.552 1.0278 -0.2 0.97
5.573 1.0362 -0.2 0.97
5.584 1.0406 -0.2 0.97
5.601 1.0474 -0.2 0.97
5.623 1.0562 -0.2 0.97
5.641 1.0634 -0.2 0.97
5.653 1.0682 -0.2 0.97
5.665 1.073 -0.2 0.97
5.678 1.0782 -0.2 0.97
5.69 1.083 -0.2 0.97
5.704 1.0886 -0.2 0.97
5.724 1.0966 -0.2 0.97
5.74 1.103 -0.2 0.97
5.756 1.1094 -0.2 0.97
5.771 1.1154 -0.2 0.97
5.791 1.1234 -0.2 0.97
5.807 1.1298 -0.2 0.97
5.825 1.137 -0.2 0.97
5.839 1.1426 -0.2 0.97
5.859 1.1506 -0.2 0.97
5.875 1.157 -0.2 0.97
5.886 1.1614 -0.2 0.97
5.902 1.1678 -0.2 0.97
5.916 1.1734 -0.2 0.97
5.938 1.1822 -0.2 0.97
5.958 1.1902 -0.2 0.97
5.979 1.1986 -0.2 0.97
5.996 1.2054 -0.2 0.97
6.012 1.2118 -0.2 0.97
6.029 1.2186 -0.2 0.97
6.055 1.229 -0.2 0.97
6.078 1.2382 -0.2 0.97
6.099 1.2466 -0.2 0.97
6.128 1.2582 -0.2 0.97
6.138 1.2622 -0.2 0.97
6.153 1.2682 -0.2 0.97
6.166 1.2734 -0.2 0.97
6.186 1.2814 -0.2 0.97
6.204 1.2886 -0.2 0.97
6.225 1.297 -0.2 0.97
6.238 1.3022 -0.2 0.97
6.25 1.307 -0.2 0.97
6.27 1.315 -0.2 0.97
6.287 1.3218 -0.2 0.97
6.303 1.3282 -0.2 0.97
6.311 1.3314 -0.2 0.97
6.324 1.3366 -0.2 0.97
6.34 1.343 -0.2 0.97
6.357 1.3498 -0.2 0.97
6.378 1.3582 -0.2 0.97
6.396 1.3654 -0.2 0.97
6.413 1.3722 -0.2 0.97
6.43 1.379 -0.2 0.97
6.451 1.3874 -0.2 0.97
6.466 1.3934 -0.2 0.97
6.498 1.4062 -0.2 0.97
6.506 1.4094 -0.2 0.97
6.525 1.417 -0.2 0.97
6.541 1.4234 -0.2 0.97
6.558 1.4302 -0.2 0.97
6.575 1.437 -0.2 0.97
6.596 1.4454 -0.2 0.97
6.608 1.4502 -0.2 0.97
6.617 1.4538 -0.2 0.97
6.634 1.4606 -0.2 0.97
6.644 1.4646 -0.2 0.97
6.661 1.4714 -0.2 0.97
6.676 1.4774 -0.2 0.97
6.689 1.4826 -0.2 0.97
6.708 1.4902 -0.2 0.97
6.722 1.4958 -0.2 0.97
6.745 1.505 -0.2 0.97
6.762 1.5118 -0.2 0.97
6.783 1.5202 -0.2 0.97
6.798 1.5262 -0.2 0.97
6.817 1.5338 -0.2 0.97
6.836 1.5414 -0.2 0.97
6.851 1.5474 -0.2 0.97
6.862 1.5518 -0.2 0.97
6.879 1.5586 -0.2 0.97
6.898 1.5662 -0.2 0.97
6.912 1.5718 -0.2 0.97
6.926 1.5774 -0.2 0.97
6.938 1.5822 -0.2 0.97
6.955 1.589 -0.2 0.97
6.969 1.5946 -0.2 0.97
6.984 1.6006 -0.2 0.97
6.996 1.6054 -0.2 0.97
7.012 1.6118 -0.2 0.97
7.025 1.617 -0.2 0.97
7.035 1.621 -0.2 0.97
7.053 1.6282 -0.2 0.97
7.065 1.633 -0.2 0.97
7.083 1.6402 -0.2 0.97
7.096 1.6454 -0.2 0.97
7.121 1.6554 -0.2 0.97
7.136 1.6614 -0.2 0.97
7.161 1.6714 -0.2 0.97
7.175 1.677 -0.2 0.97
7.2 1.687 -0.2 0.97
7.217 1.6938 -0.2 0.97
7.235 1.701 -0.2 0.97
7.251 1.7074 -0.2 0.97
7.264 1.7126 -0.2 0.97
7.284 1.7206 -0.2 0.97
7.309 1.7306 -0.2 0.97
7.325 1.737 -0.2 0.97
7.337 1.7418 -0.2 0.97
7.352 1.7478 -0.2 0.97
7.372 1.7558 -0.2 0.97
7.383 1.7602 -0.2 0.97
7.393 1.7642 -0.2 0.97
7.406 1.7694 -0.2 0.97
7.426 1.7774 -0.2 0.97
7.441 1.7834 -0.2 0.97
7.458 1.7902 -0.2 0.97
7.483 1.8002 -0.2 0.97
7.496 1.8054 -0.2 0.97
7.513 1.807 -0.2 0.9752
7.522 1.807 -0.2 0.9788
7.539 1.807 -0.2 0.9856
7.548 1.807 -0.2 0.9892
7.563 1.807 -0.2 0.9952
7.579 1.807 -0.2 1.0016
7.594 1.807 -0.2 1.0076
7.615 1.807 -0.2 1.016
7.629 1.807 -0.2 1.0216
7.643 1.807 -0.2 1.0272
7.657 1.807 -0.2 1.0328
7.669 1.807 -0.2 1.0376
7.688 1.807 -0.2 1.0452
7.703 1.807 -0.2 1.0512
7.717 1.807 -0.2 1.0568
7.731 1.807 -0.2 1.0624
7.746 1.807 -0.2 1.0684
7.758 1.807 -0.2 1.0732
7.775 1.807 -0.2 1.08
7.79 1.807 -0.2 1.086
7.803 1.807 -0.2 1.0912
7.818 1.807 -0.2 1.0972
7.83 1.807 -0.2 1.102
7.846 1.807 -0.2 1.1084
7.869 1.807 -0.2 1.1176
7.885 1.807 -0.2 1.124
7.901 1.807 -0.2 1.1304
7.915 1.807 -0.2 1.136
7.931 1.807 -0.2 1.1424
7.95 1.807 -0.2 1.15
7.969 1.807 -0.2 1.1576
7.977 1.807 -0.2 1.1608
7.996 1.807 -0.2 1.1684
8.009 1.807 -0.2 1.1736
8.018 1.807 -0.2 1.1772
8.035 1.807 -0.2 1.184
8.048 1.807 -0.2 1.1892
8.066 1.807 -0.2 1.1964
8.081 1.807 -0.2 1.2024
8.099 1.807 -0.2 1.2096
8.112 1.807 -0.2 1.2148
8.127 1.807 -0.2 1.2208
8.134 1.807 -0.2 1.2236
8.152 1.807 -0.2 1.2308
8.168 1.807 -0.2 1.2372
8.181 1.807 -0.2 1.2424
8.201 1.807 -0.2 1.2504
8.212 1.807 -0.2 1.2548
8.234 1.807 -0.2 1.2636
8.263 1.807 -0.2 1.2752
8.28 1.807 -0.2 1.282
8.299 1.807 -0.2 1.2896
8.314 1.807 -0.2 1.2956
8.328 1.807 -0.2 1.3012
8.343 1.807 -0.2 1.3072
8.353 1.807 -0.2 1.3112
8.367 1.807 -0.2 1.3168
8.385 1.807 -0.2 1.324
8.402 1.807 -0.2 1.3308
8.416 1.807 -0.2 1.3364
8.436 1.807 -0.2 1.3444
8.454 1.807 -0.2 1.3516
8.475 1.807 -0.2 1.36
8.505 1.807 -0.2 1.372
8.518 1.807 -0.2 1.3772
8.543 1.807 -0.2 1.3872
8.557 1.807 -0.2 1.3928
8.579 1.807 -0.2 1.4016
8.595 1.807 -0.2 1.408
8.61 1.807 -0.2 1.414
8.623 1.807 -0.2 1.4192
8.638 1.807 -0.2 1.4252
8.653 1.807 -0.2 1.4312
8.668 1.807 -0.2 1.4372
8.685 1.807 -0.2 1.444
8.702 1.807 -0.2 1.4508
8.726 1.807 -0.2 1.4604
8.749 1.807 -0.2 1.4696
8.769 1.807 -0.2 1.4776
8.79 1.807 -0.2 1.486
8.811 1.807 -0.2 1.4944
8.826 1.807 -0.2 1.5004
8.846 1.807 -0.2 1.5084
8.866 1.807 -0.2 1.5164
8.88 1.807 -0.2 1.522
8.899 1.807 -0.2 1.5296
8.908 1.807 -0.2 1.5332
8.922 1.807 -0.2 1.5388
8.941 1.807 -0.2 1.5464
8.958 1.807 -0.2 1.5532
8.97 1.807 -0.2 1.558
8.991 1.807 -0.2 1.5664
9.011 1.807 -0.2 1.5744
9.032 1.807 -0.2 1.5828
9.046 1.807 -0.2 1.5884
9.061 1.807 -0.2 1.5944
9.075 1.807 -0.2 1.6
9.094 1.807 -0.2 1.6076
9.114 1.807 -0.2 1.6156
9.133 1.807 -0.2 1.6232
9.147 1.807 -0.2 1.6288
9.163 1.807 -0.2 1.6352
9.177 1.807 -0.2 1.6408
9.194 1.807 -0.2 1.6476
9.21 1.807 -0.2 1.654
9.226 1.807 -0.2 1.6604
9.24 1.807 -0.2 1.666
9.26 1.807 -0.2 1.674
9.274 1.807 -0.2 1.6796
9.289 1.807 -0.2 1.6856
9.309 1.807 -0.2 1.6936
9.327 1.807 -0.2 1.7008
9.337 1.807 -0.2 1.7048
9.345 1.807 -0.2 1.708
9.349 1.807 -0.2 1.7096
9.366 1.807 -0.2 1.7164
9.394 1.807 -0.2 1.7276
9.409 1.807 -0.2 1.7336
9.425 1.807 -0.2 1.74
9.441 1.807 -0.2 1.7464
9.458 1.807 -0.2 1.7532
9.469 1.807 -0.2 1.7576
9.485 1.807 -0.2 1.764
9.501 1.807 -0.2 1.7704
9.517 1.807 -0.2 1.7768
9.531 1.807 -0.2 1.7824
9.548 1.807 -0.2 1.7892
9.565 1.807 -0.2 1.796
9.577 1.807 -0.2 1.8008
9.593 1.807 -0.2 1.8072
9.606 1.807 -0.2 1.8124
9.62 1.807 -0.2 1.818
9.639 1.807 -0.2 1.8256
9.656 1.807 -0.2 1.8324
9.672 1.807 -0.2 1.8388
9.684 1.807 -0.2 1.8436
9.701 1.807 -0.2 1.8504
9.719 1.807 -0.2 1.8576
9.731 1.807 -0.2 1.8624
9.745 1.807 -0.2 1.868
9.762 1.807 -0.2 1.8748
9.776 1.807 -0.2 1.8804
9.795 1.807 -0.2 1.888
9.81 1.807 -0.2 1.894
9.825 1.807 -0.2 1.9
9.834 1.807 -0.2 1.9036
9.852 1.807 -0.2 1.9108
9.863 1.807 -0.2 1.9152
9.873 1.807 -0.2 1.9192
9.887 1.807 -0.2 1.9248
9.901 1.807 -0.2 1.9304
9.914 1.807 -0.2 1.9356
9.937 1.807 -0.2 1.9448
9.953 1.807 -0.2 1.9512
9.972 1.807 -0.2 1.9588
9.99 1.807 -0.2 1.966
10 1.807 -0.2 1.97
10.016 1.8006 -0.2 1.97
10.036 1.7926 -0.2 1.97
10.054 1.7854 -0.2 1.97
10.074 1.7774 -0.2 1.97
10.088 1.7718 -0.2 1.97
10.104 1.7654 -0.2 1.97
10.118 1.7598 -0.2 1.97
10.138 1.7518 -0.2 1.97
10.156 1.7446 -0.2 1.97
10.179 1.7354 -0.2 1.97
10.198 1.7278 -0.2 1.97
10.207 1.7242 -0.2 1.97
10.224 1.7174 -0.2 1.97
10.238 1.7118 -0.2 1.97
10.252 1.7062 -0.2 1.97
10.264 1.7014 -0.2 1.97
10.271 1.6986 -0.2 1.97
10.284 1.6934 -0.2 1.97
10.306 1.6846 -0.2 1.97
10.319 1.6794 -0.2 1.97
10.33 1.675 -0.2 1.97
10.345 1.669 -0.2 1.97
10.363 1.6618 -0.2 1.97
10.378 1.6558 -0.2 1.97
10.39 1.651 -0.2 1.97
10.401 1.6466 -0.2 1.97
10.42 1.639 -0.2 1.97
10.435 1.633 -0.2 1.97
10.449 1.6274 -0.2 1.97
10.463 1.6218 -0.2 1.97
10.478 1.6158 -0.2 1.97
10.491 1.6106 -0.2 1.97
10.509 1.6034 -0.2 1.97
10.522 1.5982 -0.2 1.97
10.542 1.5902 -0.2 1.97
10.616 1.5606 -0.2 1.97
10.634 1.5534 -0.2 1.97
10.654 1.5454 -0.2 1.97
10.693 1.5298 -0.2 1.97
10.717 1.5202 -0.2 1.97
10.757 1.5042 -0.2 1.97
10.794 1.4894 -0.2 1.97
10.821 1.4786 -0.2 1.97
10.838 1.4718 -0.2 1.97
10.857 1.4642 -0.2 1.97
10.879 1.4554 -0.2 1.97
10.906 1.4446 -0.2 1.97
10.922 1.4382 -0.2 1.97
10.94 1.431 -0.2 1.97
10.951 1.4266 -0.2 1.97
10.962 1.4222 -0.2 1.97
10.977 1.4162 -0.2 1.97
10.994 1.4094 -0.2 1.97
11.007 1.4042 -0.2 1.97
11.018 1.3998 -0.2 1.97
11.037 1.3922 -0.2 1.97
11.054 1.3854 -0.2 1.97
11.071 1.3786 -0.2 1.97
11.093 1.3698 -0.2 1.97
11.123 1.3578 -0.2 1.97
11.138 1.3518 -0.2 1.97
11.152 1.3462 -0.2 1.97
11.165 1.341 -0.2 1.97
11.181 1.3346 -0.2 1.97
11.196 1.3286 -0.2 1.97
11.213 1.3218 -0.2 1.97
11.231 1.3146 -0.2 1.97
11.249 1.3074 -0.2 1.97
11.266 1.3006 -0.2 1.97
11.286 1.2926 -0.2 1.97
11.307 1.2842 -0.2 1.97
11.318 1.2798 -0.2 1.97
11.332 1.2742 -0.2 1.97
11.357 1.2642 -0.2 1.97
11.374 1.2574 -0.2 1.97
11.397 1.2482 -0.2 1.97
11.419 1.2394 -0.2 1.97
11.433 1.2338 -0.2 1.97
11.452 1.2262 -0.2 1.97
11.473 1.2178 -0.2 1.97
11.486 1.2126 -0.2 1.97
11.507 1.2042 -0.2 1.97
11.523 1.1978 -0.2 1.97
11.536 1.1926 -0.2 1.97
11.548 1.1878 -0.2 1.97
11.566 1.1806 -0.2 1.97
11.585 1.173 -0.2 1.97
11.598 1.1678 -0.2 1.97
11.613 1.1618 -0.2 1.97
11.632 1.1542 -0.2 1.97
11.643 1.1498 -0.2 1.97
11.661 1.1426 -0.2 1.97
11.68 1.135 -0.2 1.97
11.695 1.129 -0.2 1.97
11.709 1.1234 -0.2 1.97
11.73 1.115 -0.2 1.97
11.743 1.1098 -0.2 1.97
11.754 1.1054 -0.2 1.97
11.775 1.097 -0.2 1.97
11.79 1.091 -0.2 1.97
11.807 1.0842 -0.2 1.97
11.826 1.0766 -0.2 1.97
11.842 1.0702 -0.2 1.97
11.857 1.0642 -0.2 1.97
11.876 1.0566 -0.2 1.97
11.892 1.0502 -0.2 1.97
11.91 1.043 -0.2 1.97
11.924 1.0374 -0.2 1.97
11.938 1.0318 -0.2 1.97
11.951 1.0266 -0.2 1.97
11.968 1.0198 -0.2 1.97
11.983 1.0138 -0.2 1.97
11.995 1.009 -0.2 1.97
12.015 1.001 -0.2 1.97
12.029 0.9954 -0.2 1.97
12.046 0.9886 -0.2 1.97
12.066 0.9806 -0.2 1.97
12.078 0.9758 -0.2 1.97
12.094 0.9694 -0.2 1.97
12.121 0.9586 -0.2 1.97
12.132 0.9542 -0.2 1.97
12.144 0.9494 -0.2 1.97
12.166 0.9406 -0.2 1.97
12.184 0.9334 -0.2 1.97
12.199 0.9274 -0.2 1.97
12.211 0.9226 -0.2 1.97
12.228 0.9158 -0.2 1.97
12.245 0.909 -0.2 1.97
12.269 0.8994 -0.2 1.97
12.283 0.8938 -0.2 1.97
12.3 0.887 -0.2 1.97
12.316 0.8806 -0.2 1.97
12.328 0.8758 -0.2 1.97
12.343 0.8698 -0.2 1.97
12.353 0.8658 -0.2 1.97
12.367 0.8602 -0.2 1.97
12.382 0.8542 -0.2 1.97
12.396 0.8486 -0.2 1.97
12.412 0.8422 -0.2 1.97
12.425 0.837 -0.2 1.97
12.445 0.829 -0.2 1.97
12.465 0.821 -0.2 1.97
12.477 0.8162 -0.2 1.97
12.494 0.8094 -0.2 1.97
12.51 0.807 -0.2 1.966
12.532 0.807 -0.2 1.9572
12.554 0.807 -0.2 1.9484
12.566 0.807 -0.2 1.9436
12.587 0.807 -0.2 1.9352
12.6 0.807 -0.2 1.93
12.611 0.807 -0.2 1.9256
12.629 0.807 -0.2 1.9184
12.641 0.807 -0.2 1.9136
12.653 0.807 -0.2 1.9088
12.666 0.807 -0.2 1.9036
12.686 0.807 -0.2 1.8956
12.699 0.807 -0.2 1.8904
12.714 0.807 -0.2 1.8844
12.725 0.807 -0.2 1.88
12.74 0.807 -0.2 1.874
12.755 0.807 -0.2 1.868
12.772 0.807 -0.2 1.8612
12.781 0.807 -0.2 1.8576
12.799 0.807 -0.2 1.8504
12.812 0.807 -0.2 1.8452
12.831 0.807 -0.2 1.8376
12.851 0.807 -0.2 1.8296
12.865 0.807 -0.2 1.824
12.885 0.807 -0.2 1.816
12.907 0.807 -0.2 1.8072
12.921 0.807 -0.2 1.8016
12.937 0.807 -0.2 1.7952
12.948 0.807 -0.2 1.7908
12.965 0.807 -0.2 1.784
12.983 0.807 -0.2 1.7768
12.999 0.807 -0.2 1.7704
13.015 0.807 -0.2 1.764
13.026 0.807 -0.2 1.7596
13.046 0.807 -0.2 1.7516
13.064 0.807 -0.2 1.7444
13.08 0.807 -0.2 1.738
13.095 0.807 -0.2 1.732
13.12 0.807 -0.2 1.722
13.141 0.807 -0.2 1.7136
13.151 0.807 -0.2 1.7096
13.165 0.807 -0.2 1.704
13.182 0.807 -0.2 1.6972
13.202 0.807 -0.2 1.6892
13.216 0.807 -0.2 1.6836
13.227 0.807 -0.2 1.6792
13.243 0.807 -0.2 1.6728
13.26 0.807 -0.2 1.666
13.269 0.807 -0.2 1.6624
13.282 0.807 -0.2 1.6572
13.299 0.807 -0.2 1.6504
13.317 0.807 -0.2 1.6432
13.337 0.807 -0.2 1.6352
13.35 0.807 -0.2 1.63
13.37 0.807 -0.2 1.622
13.385 0.807 -0.2 1.616
13.4 0.807 -0.2 1.61
13.413 0.807 -0.2 1.6048
13.425 0.807 -0.2 1.6
13.453 0.807 -0.2 1.5888
13.468 0.807 -0.2 1.5828
13.484 0.807 -0.2 1.5764
13.499 0.807 -0.2 1.5704
13.509 0.807 -0.2 1.5664
13.523 0.807 -0.2 1.5608
13.543 0.807 -0.2 1.5528
13.555 0.807 -0.2 1.548
13.573 0.807 -0.2 1.5408
13.59 0.807 -0.2 1.534
13.609 0.807 -0.2 1.5264
13.629 0.807 -0.2 1.5184
13.647 0.807 -0.2 1.5112
13.658 0.807 -0.2 1.5068
13.672 0.807 -0.2 1.5012
13.69 0.807 -0.2 1.494
13.708 0.807 -0.2 1.4868
13.726 0.807 -0.2 1.4796
13.739 0.807 -0.2 1.4744
13.754 0.807 -0.2 1.4684
13.77 0.807 -0.2 1.462
13.782 0.807 -0.2 1.4572
13.796 0.807 -0.2 1.4516
13.809 0.807 -0.2 1.4464
13.838 0.807 -0.2 1.4348
13.862 0.807 -0.2 1.4252
13.882 0.807 -0.2 1.4172
13.892 0.807 -0.2 1.4132
13.911 0.807 -0.2 1.4056
13.925 0.807 -0.2 1.4
13.941 0.807 -0.2 1.3936
13.956 0.807 -0.2 1.3876
13.971 0.807 -0.2 1.3816
13.988 0.807 -0.2 1.3748
14.007 0.807 -0.2 1.3672
14.028 0.807 -0.2 1.3588
14.048 0.807 -0.2 1.3508
14.062 0.807 -0.2 1.3452
14.074 0.807 -0.2 1.3404
14.088 0.807 -0.2 1.3348
14.105 0.807 -0.2 1.328
14.121 0.807 -0.2 1.3216
14.156 0.807 -0.2 1.3076
14.175 0.807 -0.2 1.3
14.197 0.807 -0.2 1.2912
14.217 0.807 -0.2 1.2832
14.233 0.807 -0.2 1.2768
14.252 0.807 -0.2 1.2692
14.268 0.807 -0.2 1.2628
14.284 0.807 -0.2 1.2564
14.302 0.807 -0.2 1.2492
14.315 0.807 -0.2 1.244
14.327 0.807 -0.2 1.2392
14.344 0.807 -0.2 1.2324
14.364 0.807 -0.2 1.2244
14.376 0.807 -0.2 1.2196
14.396 0.807 -0.2 1.2116
14.407 0.807 -0.2 1.2072
14.419 0.807 -0.2 1.2024
14.442 0.807 -0.2 1.1932
14.455 0.807 -0.2 1.188
14.477 0.807 -0.2 1.1792
14.497 0.807 -0.2 1.1712
14.513 0.807 -0.2 1.1648
14.529 0.807 -0.2 1.1584
14.545 0.807 -0.2 1.152
14.564 0.807 -0.2 1.1444
14.582 0.807 -0.2 1.1372
14.598 0.807 -0.2 1.1308
14.614 0.807 -0.2 1.1244
14.627 0.807 -0.2 1.1192
14.648 0.807 -0.2 1.1108
14.659 0.807 -0.2 1.1064
14.672 0.807 -0.2 1.1012
14.685 0.807 -0.2 1.096
14.697 0.807 -0.2 1.0912
14.713 0.807 -0.2 1.0848
14.728 0.807 -0.2 1.0788
14.75 0.807 -0.2 1.07
14.766 0.807 -0.2 1.0636
14.782 0.807 -0.2 1.0572
14.797 0.807 -0.2 1.0512
14.817 0.807 -0.2 1.0432
14.828 0.807 -0.2 1.0388
14.844 0.807 -0.2 1.0324
14.854 0.807 -0.2 1.0284
14.874 0.807 -0.2 1.0204
14.89 0.807 -0.2 1.014
14.903 0.807 -0.2 1.0088
14.919 0.807 -0.2 1.0024
14.937 0.807 -0.2 0.9952
14.949 0.807 -0.2 0.9904
14.962 0.807 -0.2 0.9852
14.975 0.807 -0.2 0.98
14.988 0.807 -0.2 0.9748
15.014 0.8126 -0.2 0.97
15.027 0.8178 -0.2 0.97
15.039 0.8226 -0.2 0.97
15.055 0.829 -0.2 0.97
15.07 0.835 -0.2 0.97
15.084 0.8406 -0.2 0.97
15.098 0.8462 -0.2 0.97
15.112 0.8518 -0.2 0.97
15.125 0.857 -0.2 0.97
15.145 0.865 -0.2 0.97
15.168 0.8742 -0.2 0.97
15.185 0.881 -0.2 0.97
15.201 0.8874 -0.2 0.97
15.213 0.8922 -0.2 0.97
15.223 0.8962 -0.2 0.97
15.243 0.9042 -0.2 0.97
15.266 0.9134 -0.2 0.97
15.281 0.9194 -0.2 0.97
15.292 0.9238 -0.2 0.97
15.31 0.931 -0.2 0.97
15.331 0.9394 -0.2 0.97
15.339 0.9426 -0.2 0.97
15.356 0.9494 -0.2 0.97
15.376 0.9574 -0.2 0.97
15.387 0.9618 -0.2 0.97
15.398 0.9662 -0.2 0.97
15.415 0.973 -0.2 0.97
15.431 0.9794 -0.2 0.97
15.45 0.987 -0.2 0.97
15.471 0.9954 -0.2 0.97
15.491 1.0034 -0.2 0.97
15.504 1.0086 -0.2 0.97
15.513 1.0122 -0.2 0.97
15.531 1.0194 -0.2 0.97
15.543 1.0242 -0.2 0.97
15.555 1.029 -0.2 0.97
15.568 1.0342 -0.2 0.97
15.588 1.0422 -0.2 0.97
15.603 1.0482 -0.2 0.97
15.62 1.055 -0.2 0.97
15.637 1.0618 -0.2 0.97
15.647 1.0658 -0.2 0.97
15.666 1.0734 -0.2 0.97
15.681 1.0794 -0.2 0.97
15.699 1.0866 -0.2 0.97
15.711 1.0914 -0.2 0.97
15.731 1.0994 -0.2 0.97
15.754 1.1086 -0.2 0.97
15.767 1.1138 -0.2 0.97
15.782 1.1198 -0.2 0.97
15.8 1.127 -0.2 0.97
15.821 1.1354 -0.2 0.97
15.836 1.1414 -0.2 0.97
15.854 1.1486 -0.2 0.97
15.865 1.153 -0.2 0.97
15.878 1.1582 -0.2 0.97
15.892 1.1638 -0.2 0.97
15.911 1.1714 -0.2 0.97
15.93 1.179 -0.2 0.97
15.944 1.1846 -0.2 0.97
15.96 1.191 -0.2 0.97
15.972 1.1958 -0.2 0.97
15.982 1.1998 -0.2 0.97
16 1.207 -0.2 0.97
16.01 1.211 -0.2 0.97
16.03 1.219 -0.2 0.97
16.04 1.223 -0.2 0.97
16.057 1.2298 -0.2 0.97
16.072 1.2358 -0.2 0.97
16.086 1.2414 -0.2 0.97
16.104 1.2486 -0.2 0.97
16.119 1.2546 -0.2 0.97
16.134 1.2606 -0.2 0.97
16.151 1.2674 -0.2 0.97
16.16 1.271 -0.2 0.97
16.175 1.277 -0.2 0.97
16.179 1.2786 -0.2 0.97
16.192 1.2838 -0.2 0.97
16.211 1.2914 -0.2 0.97
16.22 1.295 -0.2 0.97
16.24 1.303 -0.2 0.97
16.255 1.309 -0.2 0.97
16.27 1.315 -0.2 0.97
16.285 1.321 -0.2 0.97
16.299 1.3266 -0.2 0.97
16.317 1.3338 -0.2 0.97
16.333 1.3402 -0.2 0.97
16.35 1.347 -0.2 0.97
16.366 1.3534 -0.2 0.97
16.38 1.359 -0.2 0.97
16.394 1.3646 -0.2 0.97
16.407 1.3698 -0.2 0.97
16.426 1.3774 -0.2 0.97
16.443 1.3842 -0.2 0.97
16.458 1.3902 -0.2 0.97
16.474 1.3966 -0.2 0.97
16.487 1.4018 -0.2 0.97
16.501 1.4074 -0.2 0.97
16.513 1.4122 -0.2 0.97
16.528 1.4182 -0.2 0.97
16.541 1.4234 -0.2 0.97
16.553 1.4282 -0.2 0.97
16.57 1.435 -0.2 0.97
16.592 1.4438 -0.2 0.97
16.609 1.4506 -0.2 0.97
16.626 1.4574 -0.2 0.97
16.647 1.4658 -0.2 0.97
16.665 1.473 -0.2 0.97
16.683 1.4802 -0.2 0.97
16.697 1.4858 -0.2 0.97
16.712 1.4918 -0.2 0.97
16.728 1.4982 -0.2 0.97
16.737 1.5018 -0.2 0.97
16.753 1.5082 -0.2 0.97
16.764 1.5126 -0.2 0.97
16.783 1.5202 -0.2 0.97
16.803 1.5282 -0.2 0.97
16.817 1.5338 -0.2 0.97
16.831 1.5394 -0.2 0.97
16.842 1.5438 -0.2 0.97
16.854 1.5486 -0.2 0.97
16.876 1.5574 -0.2 0.97
16.894 1.5646 -0.2 0.97
16.905 1.569 -0.2 0.97
16.923 1.5762 -0.2 0.97
16.937 1.5818 -0.2 0.97
16.95 1.587 -0.2 0.97
16.967 1.5938 -0.2 0.97
16.983 1.6002 -0.2 0.97
16.997 1.6058 -0.2 0.97
17.014 1.6126 -0.2 0.97
17.036 1.6214 -0.2 0.97
17.056 1.6294 -0.2 0.97
17.077 1.6378 -0.2 0.97
17.095 1.645 -0.2 0.97
17.115 1.653 -0.2 0.97
17.131 1.6594 -0.2 0.97
17.15 1.667 -0.2 0.97
17.165 1.673 -0.2 0.97
17.181 1.6794 -0.2 0.97
17.204 1.6886 -0.2 0.97
17.218 1.6942 -0.2 0.97
17.232 1.6998 -0.2 0.97
17.248 1.7062 -0.2 0.97
17.263 1.7122 -0.2 0.97
17.275 1.717 -0.2 0.97
17.289 1.7226 -0.2 0.97
17.301 1.7274 -0.2 0.97
17.313 1.7322 -0.2 0.97
17.327 1.7378 -0.2 0.97
17.344 1.7446 -0.2 0.97
17.358 1.7502 -0.2 0.97
17.376 1.7574 -0.2 0.97
17.388 1.7622 -0.2 0.97
17.403 1.7682 -0.2 0.97
17.421 1.7754 -0.2 0.97
17.442 1.7838 -0.2 0.97
17.455 1.789 -0.2 0.97
17.469 1.7946 -0.2 0.97
17.486 1.8014 -0.2 0.97
17.508 1.807 -0.2 0.9732
17.529 1.807 -0.2 0.9816
17.543 1.807 -0.2 0.9872
17.56 1.807 -0.2 0.994
17.581 1.807 -0.2 1.0024
17.601 1.807 -0.2 1.0104
17.616 1.807 -0.2 1.0164
17.636 1.807 -0.2 1.0244
17.655 1.807 -0.2 1.032
17.671 1.807 -0.2 1.0384
17.684 1.807 -0.2 1.0436
17.694 1.807 -0.2 1.0476
17.711 1.807 -0.2 1.0544
17.725 1.807 -0.2 1.06
17.739 1.807 -0.2 1.0656
17.756 1.807 -0.2 1.0724
17.782 1.807 -0.2 1.0828
17.805 1.807 -0.2 1.092
17.827 1.807 -0.2 1.1008
17.841 1.807 -0.2 1.1064
17.859 1.807 -0.2 1.1136
17.874 1.807 -0.2 1.1196
17.895 1.807 -0.2 1.128
17.914 1.807 -0.2 1.1356
17.933 1.807 -0.2 1.1432
17.942 1.807 -0.2 1.1468
17.957 1.807 -0.2 1.1528
17.978 1.807 -0.2 1.1612
17.988 1.807 -0.2 1.1652
18 1.807 -0.2 1.17
18.012 1.807 -0.2 1.1748
18.023 1.807 -0.2 1.1792
18.039 1.807 -0.2 1.1856
18.049 1.807 -0.2 1.1896
18.061 1.807 -0.2 1.1944
18.084 1.807 -0.2 1.2036
18.1 1.807 -0.2 1.21
18.117 1.807 -0.2 1.2168
18.138 1.807 -0.2 1.2252
18.15 1.807 -0.2 1.23
18.161 1.807 -0.2 1.2344
18.184 1.807 -0.2 1.2436
18.2 1.807 -0.2 1.25
18.216 1.807 -0.2 1.2564
18.232 1.807 -0.2 1.2628
18.245 1.807 -0.2 1.268
18.263 1.807 -0.2 1.2752
18.285 1.807 -0.2 1.284
18.299 1.807 -0.2 1.2896
18.315 1.807 -0.2 1.296
18.327 1.807 -0.2 1.3008
18.346 1.807 -0.2 1.3084
18.356 1.807 -0.2 1.3124
18.366 1.807 -0.2 1.3164
18.384 1.807 -0.2 1.3236
18.411 1.807 -0.2 1.3344
18.425 1.807 -0.2 1.34
18.441 1.807 -0.2 1.3464
18.46 1.807 -0.2 1.354
18.478 1.807 -0.2 1.3612
18.495 1.807 -0.2 1.368
18.521 1.807 -0.2 1.3784
18.547 1.807 -0.2 1.3888
18.562 1.807 -0.2 1.3948
18.579 1.807 -0.2 1.4016
18.597 1.807 -0.2 1.4088
18.617 1.807 -0.2 1.4168
18.633 1.807 -0.2 1.4232
18.643 1.807 -0.2 1.4272
18.66 1.807 -0.2 1.434
18.674 1.807 -0.2 1.4396
18.695 1.807 -0.2 1.448
18.713 1.807 -0.2 1.4552
18.729 1.807 -0.2 1.4616
18.742 1.807 -0.2 1.4668
18.749 1.807 -0.2 1.4696
18.76 1.807 -0.2 1.474
18.776 1.807 -0.2 1.4804
18.791 1.807 -0.2 1.4864
18.807 1.807 -0.2 1.4928
18.823 1.807 -0.2 1.4992
18.839 1.807 -0.2 1.5056
18.857 1.807 -0.2 1.5128
18.871 1.807 -0.2 1.5184
18.886 1.807 -0.2 1.5244
18.902 1.807 -0.2 1.5308
18.923 1.807 -0.2 1.5392
18.942 1.807 -0.2 1.5468
18.957 1.807 -0.2 1.5528
18.988 1.807 -0.2 1.5652
19 1.807 -0.2 1.57
19.013 1.807 -0.2 1.5752
19.03 1.807 -0.2 1.582
19.046 1.807 -0.2 1.5884
19.064 1.807 -0.2 1.5956
19.077 1.807 -0.2 1.6008
19.089 1.807 -0.2 1.6056
19.105 1.807 -0.2 1.612
19.123 1.807 -0.2 1.6192
19.137 1.807 -0.2 1.6248
19.146 1.807 -0.2 1.6284
19.158 1.807 -0.2 1.6332
19.172 1.807 -0.2 1.6388
19.189 1.807 -0.2 1.6456
19.209 1.807 -0.2 1.6536
19.232 1.807 -0.2 1.6628
19.251 1.807 -0.2 1.6704
19.263 1.807 -0.2 1.6752
19.273 1.807 -0.2 1.6792
19.288 1.807 -0.2 1.6852
19.301 1.807 -0.2 1.6904
19.321 1.807 -0.2 1.6984
19.339 1.807 -0.2 1.7056
19.355 1.807 -0.2 1.712
19.371 1.807 -0.2 1.7184
19.382 1.807 -0.2 1.7228
19.4 1.807 -0.2 1.73
19.413 1.807 -0.2 1.7352
19.426 1.807 -0.2 1.7404
19.445 1.807 -0.2 1.748
19.466 1.807 -0.2 1.7564
19.486 1.807 -0.2 1.7644
19.5 1.807 -0.2 1.77
19.511 1.807 -0.2 1.7744
19.52 1.807 -0.2 1.778
19.536 1.807 -0.2 1.7844
19.553 1.807 -0.2 1.7912
19.565 1.807 -0.2 1.796
19.581 1.807 -0.2 1.8024
19.597 1.807 -0.2 1.8088
19.617 1.807 -0.2 1.8168
19.633 1.807 -0.2 1.8232
19.648 1.807 -0.2 1.8292
19.675 1.807 -0.2 1.84
19.691 1.807 -0.2 1.8464
19.709 1.807 -0.2 1.8536
19.731 1.807 -0.2 1.8624
19.745 1.807 -0.2 1.868
19.754 1.807 -0.2 1.8716
19.775 1.807 -0.2 1.88
19.791 1.807 -0.2 1.8864
19.806 1.807 -0.2 1.8924
19.834 1.807 -0.2 1.9036
19.85 1.807 -0.2 1.91
19.866 1.807 -0.2 1.9164
19.884 1.807 -0.2 1.9236
19.901 1.807 -0.2 1.9304
19.917 1.807 -0.2 1.9368
19.928 1.807 -0.2 1.9412
19.939 1.807 -0.2 1.9456
19.95 1.807 -0.2 1.95
19.966 1.807 -0.2 1.9564
19.977 1.807 -0.2 1.9608
19.991 1.807 -0.2 1.9664
20.004 1.8054 -0.2 1.97
20.017 1.8002 -0.2 1.97
20.028 1.7958 -0.2 1.97
20.041 1.7906 -0.2 1.97
20.054 1.7854 -0.2 1.97
20.069 1.7794 -0.2 1.97
20.089 1.7714 -0.2 1.97
20.111 1.7626 -0.2 1.97
20.125 1.757 -0.2 1.97
20.143 1.7498 -0.2 1.97
20.158 1.7438 -0.2 1.97
20.177 1.7362 -0.2 1.97
20.197 1.7282 -0.2 1.97
20.221 1.7186 -0.2 1.97
20.242 1.7102 -0.2 1.97
20.255 1.705 -0.2 1.97
20.272 1.6982 -0.2 1.97
20.286 1.6926 -0.2 1.97
20.303 1.6858 -0.2 1.97
20.323 1.6778 -0.2 1.97
20.341 1.6706 -0.2 1.97
20.361 1.6626 -0.2 1.97
20.38 1.655 -0.2 1.97
20.398 1.6478 -0.2 1.97
20.411 1.6426 -0.2 1.97
20.431 1.6346 -0.2 1.97
20.445 1.629 -0.2 1.97
20.467 1.6202 -0.2 1.97
20.479 1.6154 -0.2 1.97
20.49 1.611 -0.2 1.97
20.505 1.605 -0.2 1.97
20.515 1.601 -0.2 1.97
20.529 1.5954 -0.2 1.97
20.544 1.5894 -0.2 1.97
20.556 1.5846 -0.2 1.97
20.575 1.577 -0.2 1.97
20.596 1.5686 -0.2 1.97
20.614 1.5614 -0.2 1.97
20.629 1.5554 -0.2 1.97
20.65 1.547 -0.2 1.97
20.666 1.5406 -0.2 1.97
20.679 1.5354 -0.2 1.97
20.699 1.5274 -0.2 1.97
20.715 1.521 -0.2 1.97
20.728 1.5158 -0.2 1.97
20.742 1.5102 -0.2 1.97
20.755 1.505 -0.2 1.97
20.768 1.4998 -0.2 1.97
20.788 1.4918 -0.2 1.97
20.812 1.4822 -0.2 1.97
20.829 1.4754 -0.2 1.97
20.843 1.4698 -0.2 1.97
20.859 1.4634 -0.2 1.97
20.873 1.4578 -0.2 1.97
20.892 1.4502 -0.2 1.97
20.912 1.4422 -0.2 1.97
20.933 1.4338 -0.2 1.97
20.952 1.4262 -0.2 1.97
20.967 1.4202 -0.2 1.97
20.988 1.4118 -0.2 1.97
20.997 1.4082 -0.2 1.97
21.014 1.4014 -0.2 1.97
21.037 1.3922 -0.2 1.97
21.062 1.3822 -0.2 1.97
21.074 1.3774 -0.2 1.97
21.094 1.3694 -0.2 1.97
21.105 1.365 -0.2 1.97
21.117 1.3602 -0.2 1.97
21.136 1.3526 -0.2 1.97
21.155 1.345 -0.2 1.97
21.169 1.3394 -0.2 1.97
21.185 1.333 -0.2 1.97
21.2 1.327 -0.2 1.97
21.219 1.3194 -0.2 1.97
21.228 1.3158 -0.2 1.97
21.246 1.3086 -0.2 1.97
21.267 1.3002 -0.2 1.97
21.279 1.2954 -0.2 1.97
21.297 1.2882 -0.2 1.97
21.321 1.2786 -0.2 1.97
21.34 1.271 -0.2 1.97
21.352 1.2662 -0.2 1.97
21.366 1.2606 -0.2 1.97
21.388 1.2518 -0.2 1.97
21.409 1.2434 -0.2 1.97
21.422 1.2382 -0.2 1.97
21.439 1.2314 -0.2 1.97
21.456 1.2246 -0.2 1.97
21.475 1.217 -0.2 1.97
21.487 1.2122 -0.2 1.97
21.5 1.207 -0.2 1.97
21.513 1.2018 -0.2 1.97
21.524 1.1974 -0.2 1.97
21.543 1.1898 -0.2 1.97
21.556 1.1846 -0.2 1.97
21.576 1.1766 -0.2 1.97
21.59 1.171 -0.2 1.97
21.608 1.1638 -0.2 1.97
21.627 1.1562 -0.2 1.97
21.645 1.149 -0.2 1.97
21.653 1.1458 -0.2 1.97
21.671 1.1386 -0.2 1.97
21.69 1.131 -0.2 1.97
21.703 1.1258 -0.2 1.97
21.721 1.1186 -0.2 1.97
21.74 1.111 -0.2 1.97
21.753 1.1058 -0.2 1.97
21.771 1.0986 -0.2 1.97
21.783 1.0938 -0.2 1.97
21.801 1.0866 -0.2 1.97
21.821 1.0786 -0.2 1.97
21.836 1.0726 -0.2 1.97
21.855 1.065 -0.2 1.97
21.875 1.057 -0.2 1.97
21.889 1.0514 -0.2 1.97
21.902 1.0462 -0.2 1.97
21.919 1.0394 -0.2 1.97
21.936 1.0326 -0.2 1.97
21.95 1.027 -0.2 1.97
21.958 1.0238 -0.2 1.97
21.973 1.0178 -0.2 1.97
21.99 1.011 -0.2 1.97
22.014 1.0014 -0.2 1.97
22.028 0.9958 -0.2 1.97
22.044 0.9894 -0.2 1.97
22.057 0.9842 -0.2 1.97
22.074 0.9774 -0.2 1.97
22.102 0.9662 -0.2 1.97
22.125 0.957 -0.2 1.97
22.144 0.9494 -0.2 1.97
22.155 0.945 -0.2 1.97
22.174 0.9374 -0.2 1.97
22.194 0.9294 -0.2 1.97
22.21 0.923 -0.2 1.97
22.222 0.9182 -0.2 1.97
22.236 0.9126 -0.2 1.97
22.245 0.909 -0.2 1.97
22.26 0.903 -0.2 1.97
22.278 0.8958 -0.2 1.97
22.298 0.8878 -0.2 1.97
22.318 0.8798 -0.2 1.97
22.346 0.8686 -0.2 1.97
22.361 0.8626 -0.2 1.97
22.386 0.8526 -0.2 1.97
22.403 0.8458 -0.2 1.97
22.421 0.8386 -0.2 1.97
22.445 0.829 -0.2 1.97
22.458 0.8238 -0.2 1.97
22.484 0.8134 -0.2 1.97
22.5 0.807 -0.2 1.97
22.519 0.807 -0.2 1.9624
22.529 0.807 -0.2 1.9584
22.541 0.807 -0.2 1.9536
22.552 0.807 -0.2 1.9492
22.565 0.807 -0.2 1.944
22.581 0.807 -0.2 1.9376
22.598 0.807 -0.2 1.9308
22.615 0.807 -0.2 1.924
22.632 0.807 -0.2 1.9172
22.652 0.807 -0.2 1.9092
22.67 0.807 -0.2 1.902
22.683 0.807 -0.2 1.8968
22.705 0.807 -0.2 1.888
22.722 0.807 -0.2 1.8812
22.733 0.807 -0.2 1.8768
22.748 0.807 -0.2 1.8708
22.761 0.807 -0.2 1.8656
22.781 0.807 -0.2 1.8576
22.796 0.807 -0.2 1.8516
22.814 0.807 -0.2 1.8444
22.828 0.807 -0.2 1.8388
22.846 0.807 -0.2 1.8316
22.867 0.807 -0.2 1.8232
22.884 0.807 -0.2 1.8164
22.898 0.807 -0.2 1.8108
22.914 0.807 -0.2 1.8044
22.927 0.807 -0.2 1.7992
22.944 0.807 -0.2 1.7924
22.959 0.807 -0.2 1.7864
22.986 0.807 -0.2 1.7756
23.002 0.807 -0.2 1.7692
23.029 0.807 -0.2 1.7584
23.041 0.807 -0.2 1.7536
23.055 0.807 -0.2 1.748
23.074 0.807 -0.2 1.7404
23.092 0.807 -0.2 1.7332
23.118 0.807 -0.2 1.7228
23.143 0.807 -0.2 1.7128
23.158 0.807 -0.2 1.7068
23.177 0.807 -0.2 1.6992
23.194 0.807 -0.2 1.6924
23.204 0.807 -0.2 1.6884
23.218 0.807 -0.2 1.6828
23.233 0.807 -0.2 1.6768
23.251 0.807 -0.2 1.6696
23.264 0.807 -0.2 1.6644
23.281 0.807 -0.2 1.6576
23.3 0.807 -0.2 1.65
23.317 0.807 -0.2 1.6432
23.335 0.807 -0.2 1.636
23.347 0.807 -0.2 1.6312
23.359 0.807 -0.2 1.6264
23.377 0.807 -0.2 1.6192
23.4 0.807 -0.2 1.61
23.42 0.807 -0.2 1.602
23.425 0.807 -0.2 1.6
23.453 0.807 -0.2 1.5888
23.468 0.807 -0.2 1.5828
23.486 0.807 -0.2 1.5756
23.503 0.807 -0.2 1.5688
23.521 0.807 -0.2 1.5616
23.537 0.807 -0.2 1.5552
23.555 0.807 -0.2 1.548
23.576 0.807 -0.2 1.5396
23.594 0.807 -0.2 1.5324
23.61 0.807 -0.2 1.526
23.627 0.807 -0.2 1.5192
23.642 0.807 -0.2 1.5132
23.655 0.807 -0.2 1.508
23.672 0.807 -0.2 1.5012
23.693 0.807 -0.2 1.4928
23.713 0.807 -0.2 1.4848
23.726 0.807 -0.2 1.4796
23.738 0.807 -0.2 1.4748
23.755 0.807 -0.2 1.468
23.774 0.807 -0.2 1.4604
23.8 0.807 -0.2 1.45
23.814 0.807 -0.2 1.4444
23.826 0.807 -0.2 1.4396
23.84 0.807 -0.2 1.434
23.853 0.807 -0.2 1.4288
23.866 0.807 -0.2 1.4236
23.879 0.807 -0.2 1.4184
23.895 0.807 -0.2 1.412
23.911 0.807 -0.2 1.4056
23.922 0.807 -0.2 1.4012
23.941 0.807 -0.2 1.3936
23.957 0.807 -0.2 1.3872
23.972 0.807 -0.2 1.3812
23.986 0.807 -0.2 1.3756
24.009 0.807 -0.2 1.3664
24.024 0.807 -0.2 1.3604
24.041 0.807 -0.2 1.3536
24.058 0.807 -0.2 1.3468
24.074 0.807 -0.2 1.3404
24.1 0.807 -0.2 1.33
24.127 0.807 -0.2 1.3192
24.14 0.807 -0.2 1.314
24.164 0.807 -0.2 1.3044
24.178 0.807 -0.2 1.2988
24.192 0.807 -0.2 1.2932
24.209 0.807 -0.2 1.2864
24.22 0.807 -0.2 1.282
24.243 0.807 -0.2 1.2728
24.262 0.807 -0.2 1.2652
24.278 0.807 -0.2 1.2588
24.3 0.807 -0.2 1.25
24.313 0.807 -0.2 1.2448
24.333 0.807 -0.2 1.2368
24.352 0.807 -0.2 1.2292
24.367 0.807 -0.2 1.2232
24.384 0.807 -0.2 1.2164
24.403 0.807 -0.2 1.2088
24.421 0.807 -0.2 1.2016
24.431 0.807 -0.2 1.1976
24.45 0.807 -0.2 1.19
24.47 0.807 -0.2 1.182
24.487 0.807 -0.2 1.1752
24.503 0.807 -0.2 1.1688
24.521 0.807 -0.2 1.1616
24.54 0.807 -0.2 1.154
24.551 0.807 -0.2 1.1496
24.564 0.807 -0.2 1.1444
24.583 0.807 -0.2 1.1368
24.601 0.807 -0.2 1.1296
24.616 0.807 -0.2 1.1236
24.637 0.807 -0.2 1.1152
24.652 0.807 -0.2 1.1092
24.672 0.807 -0.2 1.1012
24.689 0.807 -0.2 1.0944
24.708 0.807 -0.2 1.0868
24.727 0.807 -0.2 1.0792
24.744 0.807 -0.2 1.0724
24.766 0.807 -0.2 1.0636
24.783 0.807 -0.2 1.0568
24.802 0.807 -0.2 1.0492
24.822 0.807 -0.2 1.0412
24.832 0.807 -0.2 1.0372
24.854 0.807 -0.2 1.0284
24.866 0.807 -0.2 1.0236
24.881 0.807 -0.2 1.0176
24.896 0.807 -0.2 1.0116
24.922 0.807 -0.2 1.0012
24.926 0.807 -0.2 0.9996
24.949 0.807 -0.2 0.9904
24.963 0.807 -0.2 0.9848
24.98 0.807 -0.2 0.978
24.991 0.807 -0.2 0.9736
25.007 0.8098 -0.2 0.97
25.02 0.815 -0.2 0.97
25.037 0.8218 -0.2 0.97
25.054 0.8286 -0.2 0.97
25.069 0.8346 -0.2 0.97
25.086 0.8414 -0.2 0.97
25.102 0.8478 -0.2 0.97
25.117 0.8538 -0.2 0.97
25.129 0.8586 -0.2 0.97
25.145 0.865 -0.2 0.97
25.165 0.873 -0.2 0.97
25.181 0.8794 -0.2 0.97
25.205 0.889 -0.2 0.97
25.223 0.8962 -0.2 0.97
25.252 0.9078 -0.2 0.97
25.271 0.9154 -0.2 0.97
25.287 0.9218 -0.2 0.97
25.314 0.9326 -0.2 0.97
25.33 0.939 -0.2 0.97
25.344 0.9446 -0.2 0.97
25.354 0.9486 -0.2 0.97
25.368 0.9542 -0.2 0.97
25.38 0.959 -0.2 0.97
25.389 0.9626 -0.2 0.97
25.403 0.9682 -0.2 0.97
25.419 0.9746 -0.2 0.97
25.436 0.9814 -0.2 0.97
25.451 0.9874 -0.2 0.97
25.463 0.9922 -0.2 0.97
25.481 0.9994 -0.2 0.97
25.497 1.0058 -0.2 0.97
25.507 1.0098 -0.2 0.97
25.523 1.0162 -0.2 0.97
25.544 1.0246 -0.2 0.97
25.561 1.0314 -0.2 0.97
25.572 1.0358 -0.2 0.97
25.584 1.0406 -0.2 0.97
25.602 1.0478 -0.2 0.97
25.618 1.0542 -0.2 0.97
25.642 1.0638 -0.2 0.97
25.656 1.0694 -0.2 0.97
25.682 1.0798 -0.2 0.97
25.695 1.085 -0.2 0.97
25.711 1.0914 -0.2 0.97
25.726 1.0974 -0.2 0.97
25.739 1.1026 -0.2 0.97
25.755 1.109 -0.2 0.97
25.767 1.1138 -0.2 0.97
25.787 1.1218 -0.2 0.97
25.818 1.1342 -0.2 0.97
25.842 1.1438 -0.2 0.97
25.855 1.149 -0.2 0.97
25.874 1.1566 -0.2 0.97
25.875 1.157 -0.2 0.97
25.876 1.1574 -0.2 0.97
25.877 1.1578 -0.2 0.97
25.893 1.1642 -0.2 0.97
25.907 1.1698 -0.2 0.97
25.921 1.1754 -0.2 0.97
25.931 1.1794 -0.2 0.97
25.943 1.1842 -0.2 0.97
25.957 1.1898 -0.2 0.97
25.971 1.1954 -0.2 0.97
25.992 1.2038 -0.2 0.97
26.01 1.211 -0.2 0.97
26.025 1.217 -0.2 0.97
26.043 1.2242 -0.2 0.97
26.058 1.2302 -0.2 0.97
26.079 1.2386 -0.2 0.97
26.102 1.2478 -0.2 0.97
26.124 1.2566 -0.2 0.97
26.144 1.2646 -0.2 0.97
26.158 1.2702 -0.2 0.97
26.177 1.2778 -0.2 0.97
26.197 1.2858 -0.2 0.97
26.221 1.2954 -0.2 0.97
26.23 1.299 -0.2 0.97
26.246 1.3054 -0.2 0.97
26.266 1.3134 -0.2 0.97
26.285 1.321 -0.2 0.97
26.3 1.327 -0.2 0.97
26.315 1.333 -0.2 0.97
26.333 1.3402 -0.2 0.97
26.35 1.347 -0.2 0.97
26.366 1.3534 -0.2 0.97
26.379 1.3586 -0.2 0.97
26.402 1.3678 -0.2 0.97
26.417 1.3738 -0.2 0.97
26.433 1.3802 -0.2 0.97
26.453 1.3882 -0.2 0.97
26.465 1.393 -0.2 0.97
26.481 1.3994 -0.2 0.97
26.499 1.4066 -0.2 0.97
26.513 1.4122 -0.2 0.97
26.529 1.4186 -0.2 0.97
26.541 1.4234 -0.2 0.97
26.555 1.429 -0.2 0.97
26.571 1.4354 -0.2 0.97
26.589 1.4426 -0.2 0.97
26.603 1.4482 -0.2 0.97
26.624 1.4566 -0.2 0.97
26.637 1.4618 -0.2 0.97
26.656 1.4694 -0.2 0.97
26.672 1.4758 -0.2 0.97
26.693 1.4842 -0.2 0.97
26.705 1.489 -0.2 0.97
26.723 1.4962 -0.2 0.97
26.74 1.503 -0.2 0.97
26.763 1.5122 -0.2 0.97
26.782 1.5198 -0.2 0.97
26.794 1.5246 -0.2 0.97
26.807 1.5298 -0.2 0.97
26.822 1.5358 -0.2 0.97
26.835 1.541 -0.2 0.97
26.85 1.547 -0.2 0.97
26.872 1.5558 -0.2 0.97
26.886 1.5614 -0.2 0.97
26.905 1.569 -0.2 0.97
26.921 1.5754 -0.2 0.97
26.936 1.5814 -0.2 0.97
26.956 1.5894 -0.2 0.97
26.969 1.5946 -0.2 0.97
26.991 1.6034 -0.2 0.97
27.015 1.613 -0.2 0.97
27.03 1.619 -0.2 0.97
27.05 1.627 -0.2 0.97
27.075 1.637 -0.2 0.97
27.091 1.6434 -0.2 0.97
27.109 1.6506 -0.2 0.97
27.126 1.6574 -0.2 0.97
27.143 1.6642 -0.2 0.97
27.161 1.6714 -0.2 0.97
27.171 1.6754 -0.2 0.97
27.183 1.6802 -0.2 0.97
27.2 1.687 -0.2 0.97
27.215 1.693 -0.2 0.97
27.227 1.6978 -0.2 0.97
27.25 1.707 -0.2 0.97
27.27 1.715 -0.2 0.97
27.288 1.7222 -0.2 0.97
27.298 1.7262 -0.2 0.97
27.319 1.7346 -0.2 0.97
27.338 1.7422 -0.2 0.97
27.36 1.751 -0.2 0.97
27.373 1.7562 -0.2 0.97
27.389 1.7626 -0.2 0.97
27.404 1.7686 -0.2 0.97
27.432 1.7798 -0.2 0.97
27.446 1.7854 -0.2 0.97
27.466 1.7934 -0.2 0.97
27.485 1.801 -0.2 0.97
27.504 1.807 -0.2 0.9716
27.527 1.807 -0.2 0.9808
27.539 1.807 -0.2 0.9856
27.567 1.807 -0.2 0.9968
27.585 1.807 -0.2 1.004
27.598 1.807 -0.2 1.0092
27.622 1.807 -0.2 1.0188
27.637 1.807 -0.2 1.0248
27.662 1.807 -0.2 1.0348
27.677 1.807 -0.2 1.0408
27.695 1.807 -0.2 1.048
27.717 1.807 -0.2 1.0568
27.732 1.807 -0.2 1.0628
27.747 1.807 -0.2 1.0688
27.758 1.807 -0.2 1.0732
27.773 1.807 -0.2 1.0792
27.792 1.807 -0.2 1.0868
27.81 1.807 -0.2 1.094
27.829 1.807 -0.2 1.1016
27.848 1.807 -0.2 1.1092
27.864 1.807 -0.2 1.1156
27.882 1.807 -0.2 1.1228
27.897 1.807 -0.2 1.1288
27.911 1.807 -0.2 1.1344
27.932 1.807 -0.2 1.1428
27.951 1.807 -0.2 1.1504
27.962 1.807 -0.2 1.1548
27.969 1.807 -0.2 1.1576
27.982 1.807 -0.2 1.1628
27.988 1.807 -0.2 1.1652
28.006 1.807 -0.2 1.1724
28.024 1.807 -0.2 1.1796
28.04 1.807 -0.2 1.186
28.061 1.807 -0.2 1.1944
28.079 1.807 -0.2 1.2016
28.095 1.807 -0.2 1.208
28.119 1.807 -0.2 1.2176
28.133 1.807 -0.2 1.2232
28.146 1.807 -0.2 1.2284
28.165 1.807 -0.2 1.236
28.183 1.807 -0.2 1.2432
28.195 1.807 -0.2 1.248
28.21 1.807 -0.2 1.254
28.235 1.807 -0.2 1.264
28.252 1.807 -0.2 1.2708
28.264 1.807 -0.2 1.2756
28.279 1.807 -0.2 1.2816
28.293 1.807 -0.2 1.2872
28.31 1.807 -0.2 1.294
28.335 1.807 -0.2 1.304
28.355 1.807 -0.2 1.312
28.37 1.807 -0.2 1.318
28.383 1.807 -0.2 1.3232
28.392 1.807 -0.2 1.3268
28.404 1.807 -0.2 1.3316
28.433 1.807 -0.2 1.3432
28.445 1.807 -0.2 1.348
28.469 1.807 -0.2 1.3576
28.485 1.807 -0.2 1.364
28.5 1.807 -0.2 1.37
28.519 1.807 -0.2 1.3776
28.545 1.807 -0.2 1.388
28.562 1.807 -0.2 1.3948
28.576 1.807 -0.2 1.4004
28.605 1.807 -0.2 1.412
28.625 1.807 -0.2 1.42
28.637 1.807 -0.2 1.4248
28.656 1.807 -0.2 1.4324
28.683 1.807 -0.2 1.4432
28.7 1.807 -0.2 1.45
28.721 1.807 -0.2 1.4584
28.736 1.807 -0.2 1.4644
28.747 1.807 -0.2 1.4688
28.764 1.807 -0.2 1.4756
28.781 1.807 -0.2 1.4824
28.797 1.807 -0.2 1.4888
28.818 1.807 -0.2 1.4972
28.838 1.807 -0.2 1.5052
28.854 1.807 -0.2 1.5116
28.869 1.807 -0.2 1.5176
28.887 1.807 -0.2 1.5248
28.908 1.807 -0.2 1.5332
28.92 1.807 -0.2 1.538
28.939 1.807 -0.2 1.5456
28.958 1.807 -0.2 1.5532
28.973 1.807 -0.2 1.5592
28.988 1.807 -0.2 1.5652
29.011 1.807 -0.2 1.5744
29.029 1.807 -0.2 1.5816
29.046 1.807 -0.2 1.5884
29.06 1.807 -0.2 1.594
29.078 1.807 -0.2 1.6012
29.095 1.807 -0.2 1.608
29.113 1.807 -0.2 1.6152
29.14 1.807 -0.2 1.626
29.175 1.807 -0.2 1.64
29.198 1.807 -0.2 1.6492
29.221 1.807 -0.2 1.6584
29.237 1.807 -0.2 1.6648
29.256 1.807 -0.2 1.6724
29.27 1.807 -0.2 1.678
29.3 1.807 -0.2 1.69
29.314 1.807 -0.2 1.6956
29.33 1.807 -0.2 1.702
29.343 1.807 -0.2 1.7072
29.364 1.807 -0.2 1.7156
29.387 1.807 -0.2 1.7248
29.408 1.807 -0.2 1.7332
29.435 1.807 -0.2 1.744
29.447 1.807 -0.2 1.7488
29.463 1.807 -0.2 1.7552
29.478 1.807 -0.2 1.7612
29.492 1.807 -0.2 1.7668
29.514 1.807 -0.2 1.7756
29.534 1.807 -0.2 1.7836
29.551 1.807 -0.2 1.7904
29.572 1.807 -0.2 1.7988
29.596 1.807 -0.2 1.8084
29.62 1.807 -0.2 1.818
29.636 1.807 -0.2 1.8244
29.649 1.807 -0.2 1.8296
29.67 1.807 -0.2 1.838
29.676 1.807 -0.2 1.8404
29.689 1.807 -0.2 1.8456
29.703 1.807 -0.2 1.8512
29.715 1.807 -0.2 1.856
29.73 1.807 -0.2 1.862
29.756 1.807 -0.2 1.8724
29.772 1.807 -0.2 1.8788
29.788 1.807 -0.2 1.8852
29.822 1.807 -0.2 1.8988
29.843 1.807 -0.2 1.9072
29.864 1.807 -0.2 1.9156
29.881 1.807 -0.2 1.9224
29.893 1.807 -0.2 1.9272
29.907 1.807 -0.2 1.9328
29.915 1.807 -0.2 1.936
29.936 1.807 -0.2 1.9444
29.949 1.807 -0.2 1.9496
29.96 1.807 -0.2 1.954
29.978 1.807 -0.2 1.9612
29.995 1.807 -0.2 1.968
30.013 1.8018 -0.2 1.97
30.035 1.793 -0.2 1.97
30.054 1.7854 -0.2 1.97
30.067 1.7802 -0.2 1.97
30.089 1.7714 -0.2 1.97
30.116 1.7606 -0.2 1.97
30.138 1.7518 -0.2 1.97
30.155 1.745 -0.2 1.97
30.177 1.7362 -0.2 1.97
30.185 1.733 -0.2 1.97
30.202 1.7262 -0.2 1.97
30.218 1.7198 -0.2 1.97
30.233 1.7138 -0.2 1.97
30.25 1.707 -0.2 1.97
30.268 1.6998 -0.2 1.97
30.279 1.6954 -0.2 1.97
30.3 1.687 -0.2 1.97
30.314 1.6814 -0.2 1.97
30.335 1.673 -0.2 1.97
30.345 1.669 -0.2 1.97
30.369 1.6594 -0.2 1.97
30.39 1.651 -0.2 1.97
30.403 1.6458 -0.2 1.97
30.419 1.6394 -0.2 1.97
30.427 1.6362 -0.2 1.97
30.445 1.629 -0.2 1.97
30.458 1.6238 -0.2 1.97
30.479 1.6154 -0.2 1.97
30.491 1.6106 -0.2 1.97
30.505 1.605 -0.2 1.97
30.52 1.599 -0.2 1.97
30.544 1.5894 -0.2 1.97
30.561 1.5826 -0.2 1.97
30.583 1.5738 -0.2 1.97
30.596 1.5686 -0.2 1.97
30.616 1.5606 -0.2 1.97
30.631 1.5546 -0.2 1.97
30.647 1.5482 -0.2 1.97
30.666 1.5406 -0.2 1.97
30.684 1.5334 -0.2 1.97
30.698 1.5278 -0.2 1.97
30.714 1.5214 -0.2 1.97
30.74 1.511 -0.2 1.97
30.759 1.5034 -0.2 1.97
30.772 1.4982 -0.2 1.97
30.792 1.4902 -0.2 1.97
30.808 1.4838 -0.2 1.97
30.823 1.4778 -0.2 1.97
30.844 1.4694 -0.2 1.97
30.858 1.4638 -0.2 1.97
30.881 1.4546 -0.2 1.97
30.893 1.4498 -0.2 1.97
30.911 1.4426 -0.2 1.97
30.928 1.4358 -0.2 1.97
30.948 1.4278 -0.2 1.97
30.964 1.4214 -0.2 1.97
30.977 1.4162 -0.2 1.97
30.993 1.4098 -0.2 1.97
31.011 1.4026 -0.2 1.97
31.025 1.397 -0.2 1.97
31.043 1.3898 -0.2 1.97
31.067 1.3802 -0.2 1.97
31.083 1.3738 -0.2 1.97
31.099 1.3674 -0.2 1.97
31.116 1.3606 -0.2 1.97
31.142 1.3502 -0.2 1.97
31.158 1.3438 -0.2 1.97
31.175 1.337 -0.2 1.97
31.2 1.327 -0.2 1.97
31.217 1.3202 -0.2 1.97
31.232 1.3142 -0.2 1.97
31.253 1.3058 -0.2 1.97
31.277 1.2962 -0.2 1.97
31.297 1.2882 -0.2 1.97
31.312 1.2822 -0.2 1.97
31.325 1.277 -0.2 1.97
31.34 1.271 -0.2 1.97
31.357 1.2642 -0.2 1.97
31.371 1.2586 -0.2 1.97
31.392 1.2502 -0.2 1.97
31.403 1.2458 -0.2 1.97
31.422 1.2382 -0.2 1.97
31.442 1.2302 -0.2 1.97
31.465 1.221 -0.2 1.97
31.488 1.2118 -0.2 1.97
31.503 1.2058 -0.2 1.97
31.519 1.1994 -0.2 1.97
31.535 1.193 -0.2 1.97
31.549 1.1874 -0.2 1.97
31.566 1.1806 -0.2 1.97
31.579 1.1754 -0.2 1.97
31.589 1.1714 -0.2 1.97
31.606 1.1646 -0.2 1.97
31.621 1.1586 -0.2 1.97
31.638 1.1518 -0.2 1.97
31.66 1.143 -0.2 1.97
31.674 1.1374 -0.2 1.97
31.683 1.1338 -0.2 1.97
31.707 1.1242 -0.2 1.97
31.724 1.1174 -0.2 1.97
31.74 1.111 -0.2 1.97
31.755 1.105 -0.2 1.97
31.768 1.0998 -0.2 1.97
31.785 1.093 -0.2 1.97
31.803 1.0858 -0.2 1.97
31.82 1.079 -0.2 1.97
31.834 1.0734 -0.2 1.97
31.856 1.0646 -0.2 1.97
31.876 1.0566 -0.2 1.97
31.896 1.0486 -0.2 1.97
31.914 1.0414 -0.2 1.97
31.932 1.0342 -0.2 1.97
31.953 1.0258 -0.2 1.97
31.969 1.0194 -0.2 1.97
31.99 1.011 -0.2 1.97
32.023 0.9978 -0.2 1.97
32.035 0.993 -0.2 1.97
32.053 0.9858 -0.2 1.97
32.066 0.9806 -0.2 1.97
32.073 0.9778 -0.2 1.97
32.095 0.969 -0.2 1.97
32.109 0.9634 -0.2 1.97
32.124 0.9574 -0.2 1.97
32.142 0.9502 -0.2 1.97
32.158 0.9438 -0.2 1.97
32.175 0.937 -0.2 1.97
32.202 0.9262 -0.2 1.97
32.219 0.9194 -0.2 1.97
32.235 0.913 -0.2 1.97
32.257 0.9042 -0.2 1.97
32.275 0.897 -0.2 1.97
32.289 0.8914 -0.2 1.97
32.309 0.8834 -0.2 1.97
32.325 0.877 -0.2 1.97
32.343 0.8698 -0.2 1.97
32.36 0.863 -0.2 1.97
32.373 0.8578 -0.2 1.97
32.384 0.8534 -0.2 1.97
32.401 0.8466 -0.2 1.97
32.423 0.8378 -0.2 1.97
32.443 0.8298 -0.2 1.97
32.46 0.823 -0.2 1.97
32.479 0.8154 -0.2 1.97
32.499 0.8074 -0.2 1.97
32.516 0.807 -0.2 1.9636
32.533 0.807 -0.2 1.9568
32.545 0.807 -0.2 1.952
32.569 0.807 -0.2 1.9424
32.591 0.807 -0.2 1.9336
32.613 0.807 -0.2 1.9248
32.628 0.807 -0.2 1.9188
32.648 0.807 -0.2 1.9108
32.663 0.807 -0.2 1.9048
32.675 0.807 -0.2 1.9
32.691 0.807 -0.2 1.8936
32.709 0.807 -0.2 1.8864
32.729 0.807 -0.2 1.8784
32.743 0.807 -0.2 1.8728
32.757 0.807 -0.2 1.8672
32.773 0.807 -0.2 1.8608
32.788 0.807 -0.2 1.8548
32.805 0.807 -0.2 1.848
32.818 0.807 -0.2 1.8428
32.846 0.807 -0.2 1.8316
32.865 0.807 -0.2 1.824
32.884 0.807 -0.2 1.8164
32.904 0.807 -0.2 1.8084
32.918 0.807 -0.2 1.8028
32.938 0.807 -0.2 1.7948
32.961 0.807 -0.2 1.7856
32.983 0.807 -0.2 1.7768
32.997 0.807 -0.2 1.7712
33.013 0.807 -0.2 1.7648
33.023 0.807 -0.2 1.7608
33.042 0.807 -0.2 1.7532
33.054 0.807 -0.2 1.7484
33.074 0.807 -0.2 1.7404
33.087 0.807 -0.2 1.7352
33.102 0.807 -0.2 1.7292
33.122 0.807 -0.2 1.7212
33.14 0.807 -0.2 1.714
33.164 0.807 -0.2 1.7044
33.175 0.807 -0.2 1.7
33.19 0.807 -0.2 1.694
33.207 0.807 -0.2 1.6872
33.225 0.807 -0.2 1.68
33.241 0.807 -0.2 1.6736
33.263 0.807 -0.2 1.6648
33.279 0.807 -0.2 1.6584
33.292 0.807 -0.2 1.6532
33.302 0.807 -0.2 1.6492
33.317 0.807 -0.2 1.6432
33.33 0.807 -0.2 1.638
33.348 0.807 -0.2 1.6308
33.372 0.807 -0.2 1.6212
33.388 0.807 -0.2 1.6148
33.408 0.807 -0.2 1.6068
33.428 0.807 -0.2 1.5988
33.447 0.807 -0.2 1.5912
33.461 0.807 -0.2 1.5856
33.482 0.807 -0.2 1.5772
33.5 0.807 -0.2 1.57
33.521 0.807 -0.2 1.5616
33.547 0.807 -0.2 1.5512
33.565 0.807 -0.2 1.544
33.586 0.807 -0.2 1.5356
33.621 0.807 -0.2 1.5216
33.639 0.807 -0.2 1.5144
33.656 0.807 -0.2 1.5076
33.677 0.807 -0.2 1.4992
33.702 0.807 -0.2 1.4892
33.721 0.807 -0.2 1.4816
33.737 0.807 -0.2 1.4752
33.748 0.807 -0.2 1.4708
33.768 0.807 -0.2 1.4628
33.787 0.807 -0.2 1.4552
33.806 0.807 -0.2 1.4476
33.82 0.807 -0.2 1.442
33.839 0.807 -0.2 1.4344
33.857 0.807 -0.2 1.4272
33.871 0.807 -0.2 1.4216
33.887 0.807 -0.2 1.4152
33.91 0.807 -0.2 1.406
33.93 0.807 -0.2 1.398
33.948 0.807 -0.2 1.3908
33.967 0.807 -0.2 1.3832
33.986 0.807 -0.2 1.3756
34 0.807 -0.2 1.37
34.016 0.807 -0.2 1.3636
34.029 0.807 -0.2 1.3584
34.054 0.807 -0.2 1.3484
34.074 0.807 -0.2 1.3404
34.089 0.807 -0.2 1.3344
34.108 0.807 -0.2 1.3268
34.125 0.807 -0.2 1.32
34.142 0.807 -0.2 1.3132
34.161 0.807 -0.2 1.3056
34.18 0.807 -0.2 1.298
34.191 0.807 -0.2 1.2936
34.203 0.807 -0.2 1.2888
34.214 0.807 -0.2 1.2844
34.224 0.807 -0.2 1.2804
34.243 0.807 -0.2 1.2728
34.252 0.807 -0.2 1.2692
34.272 0.807 -0.2 1.2612
34.293 0.807 -0.2 1.2528
34.304 0.807 -0.2 1.2484
34.323 0.807 -0.2 1.2408
34.339 0.807 -0.2 1.2344
34.355 0.807 -0.2 1.228
34.385 0.807 -0.2 1.216
34.397 0.807 -0.2 1.2112
34.416 0.807 -0.2 1.2036
34.427 0.807 -0.2 1.1992
34.443 0.807 -0.2 1.1928
34.457 0.807 -0.2 1.1872
34.477 0.807 -0.2 1.1792
34.496 0.807 -0.2 1.1716
34.513 0.807 -0.2 1.1648
34.529 0.807 -0.2 1.1584
34.543 0.807 -0.2 1.1528
34.564 0.807 -0.2 1.1444
34.584 0.807 -0.2 1.1364
34.602 0.807 -0.2 1.1292
34.616 0.807 -0.2 1.1236
34.639 0.807 -0.2 1.1144
34.659 0.807 -0.2 1.1064
34.681 0.807 -0.2 1.0976
34.697 0.807 -0.2 1.0912
34.717 0.807 -0.2 1.0832
34.741 0.807 -0.2 1.0736
34.763 0.807 -0.2 1.0648
34.786 0.807 -0.2 1.0556
34.803 0.807 -0.2 1.0488
34.829 0.807 -0.2 1.0384
34.845 0.807 -0.2 1.032
34.859 0.807 -0.2 1.0264
34.867 0.807 -0.2 1.0232
34.884 0.807 -0.2 1.0164
34.902 0.807 -0.2 1.0092
34.919 0.807 -0.2 1.0024
34.939 0.807 -0.2 0.9944
34.954 0.807 -0.2 0.9884
34.977 0.807 -0.2 0.9792
35 0.807 -0.2 0.97
35.019 0.8146 -0.2 0.97
35.039 0.8226 -0.2 0.97
35.055 0.829 -0.2 0.97
35.068 0.8342 -0.2 0.97
35.082 0.8398 -0.2 0.97
35.094 0.8446 -0.2 0.97
35.119 0.8546 -0.2 0.97
35.141 0.8634 -0.2 0.97
35.162 0.8718 -0.2 0.97
35.177 0.8778 -0.2 0.97
35.189 0.8826 -0.2 0.97
35.214 0.8926 -0.2 0.97
35.233 0.9002 -0.2 0.97
35.249 0.9066 -0.2 0.97
35.269 0.9146 -0.2 0.97
35.292 0.9238 -0.2 0.97
35.31 0.931 -0.2 0.97
35.332 0.9398 -0.2 0.97
35.351 0.9474 -0.2 0.97
35.365 0.953 -0.2 0.97
35.387 0.9618 -0.2 0.97
35.405 0.969 -0.2 0.97
35.421 0.9754 -0.2 0.97
35.441 0.9834 -0.2 0.97
35.459 0.9906 -0.2 0.97
35.486 1.0014 -0.2 0.97
35.507 1.0098 -0.2 0.97
35.529 1.0186 -0.2 0.97
35.542 1.0238 -0.2 0.97
35.562 1.0318 -0.2 0.97
35.575 1.037 -0.2 0.97
35.595 1.045 -0.2 0.97
35.611 1.0514 -0.2 0.97
35.621 1.0554 -0.2 0.97
35.636 1.0614 -0.2 0.97
35.655 1.069 -0.2 0.97
35.68 1.079 -0.2 0.97
35.7 1.087 -0.2 0.97
35.721 1.0954 -0.2 0.97
35.74 1.103 -0.2 0.97
35.752 1.1078 -0.2 0.97
35.768 1.1142 -0.2 0.97
35.784 1.1206 -0.2 0.97
35.799 1.1266 -0.2 0.97
35.815 1.133 -0.2 0.97
35.839 1.1426 -0.2 0.97
35.857 1.1498 -0.2 0.97
35.88 1.159 -0.2 0.97
35.902 1.1678 -0.2 0.97
35.924 1.1766 -0.2 0.97
35.942 1.1838 -0.2 0.97
35.959 1.1906 -0.2 0.97
35.973 1.1962 -0.2 0.97
35.985 1.201 -0.2 0.97
36 1.207 -0.2 0.97
36.018 1.2142 -0.2 0.97
36.038 1.2222 -0.2 0.97
36.054 1.2286 -0.2 0.97
36.068 1.2342 -0.2 0.97
36.089 1.2426 -0.2 0.97
36.108 1.2502 -0.2 0.97
36.127 1.2578 -0.2 0.97
36.154 1.2686 -0.2 0.97
36.174 1.2766 -0.2 0.97
36.196 1.2854 -0.2 0.97
36.211 1.2914 -0.2 0.97
36.231 1.2994 -0.2 0.97
36.25 1.307 -0.2 0.97
36.262 1.3118 -0.2 0.97
36.278 1.3182 -0.2 0.97
36.301 1.3274 -0.2 0.97
36.316 1.3334 -0.2 0.97
36.333 1.3402 -0.2 0.97
36.354 1.3486 -0.2 0.97
36.365 1.353 -0.2 0.97
36.379 1.3586 -0.2 0.97
36.392 1.3638 -0.2 0.97
36.41 1.371 -0.2 0.97
36.427 1.3778 -0.2 0.97
36.447 1.3858 -0.2 0.97
36.468 1.3942 -0.2 0.97
36.48 1.399 -0.2 0.97
36.49 1.403 -0.2 0.97
36.509 1.4106 -0.2 0.97
36.531 1.4194 -0.2 0.97
36.554 1.4286 -0.2 0.97
36.57 1.435 -0.2 0.97
36.58 1.439 -0.2 0.97
36.599 1.4466 -0.2 0.97
36.614 1.4526 -0.2 0.97
36.641 1.4634 -0.2 0.97
36.659 1.4706 -0.2 0.97
36.677 1.4778 -0.2 0.97
36.693 1.4842 -0.2 0.97
36.712 1.4918 -0.2 0.97
36.745 1.505 -0.2 0.97
36.773 1.5162 -0.2 0.97
36.79 1.523 -0.2 0.97
36.811 1.5314 -0.2 0.97
36.834 1.5406 -0.2 0.97
36.848 1.5462 -0.2 0.97
36.873 1.5562 -0.2 0.97
36.898 1.5662 -0.2 0.97
36.923 1.5762 -0.2 0.97
36.943 1.5842 -0.2 0.97
36.961 1.5914 -0.2 0.97
36.974 1.5966 -0.2 0.97
37 1.607 -0.2 0.97
37.011 1.6114 -0.2 0.97
37.027 1.6178 -0.2 0.97
37.046 1.6254 -0.2 0.97
37.063 1.6322 -0.2 0.97
37.084 1.6406 -0.2 0.97
37.098 1.6462 -0.2 0.97
37.12 1.655 -0.2 0.97
37.137 1.6618 -0.2 0.97
37.16 1.671 -0.2 0.97
37.178 1.6782 -0.2 0.97
37.186 1.6814 -0.2 0.97
37.206 1.6894 -0.2 0.97
37.225 1.697 -0.2 0.97
37.24 1.703 -0.2 0.97
37.262 1.7118 -0.2 0.97
37.281 1.7194 -0.2 0.97
37.297 1.7258 -0.2 0.97
37.317 1.7338 -0.2 0.97
37.332 1.7398 -0.2 0.97
37.36 1.751 -0.2 0.97
37.393 1.7642 -0.2 0.97
37.413 1.7722 -0.2 0.97
37.43 1.779 -0.2 0.97
37.443 1.7842 -0.2 0.97
37.46 1.791 -0.2 0.97
37.48 1.799 -0.2 0.97
37.493 1.8042 -0.2 0.97
37.507 1.807 -0.2 0.9728
37.529 1.807 -0.2 0.9816
37.552 1.807 -0.2 0.9908
37.572 1.807 -0.2 0.9988
37.585 1.807 -0.2 1.004
37.601 1.807 -0.2 1.0104
37.615 1.807 -0.2 1.016
37.634 1.807 -0.2 1.0236
37.659 1.807 -0.2 1.0336
37.683 1.807 -0.2 1.0432
37.695 1.807 -0.2 1.048
37.72 1.807 -0.2 1.058
37.738 1.807 -0.2 1.0652
37.763 1.807 -0.2 1.0752
37.786 1.807 -0.2 1.0844
37.806 1.807 -0.2 1.0924
37.829 1.807 -0.2 1.1016
37.845 1.807 -0.2 1.108
37.862 1.807 -0.2 1.1148
37.877 1.807 -0.2 1.1208
37.897 1.807 -0.2 1.1288
37.914 1.807 -0.2 1.1356
37.933 1.807 -0.2 1.1432
37.952 1.807 -0.2 1.1508
37.972 1.807 -0.2 1.1588
37.997 1.807 -0.2 1.1688
38.012 1.807 -0.2 1.1748
38.027 1.807 -0.2 1.1808
38.046 1.807 -0.2 1.1884
38.068 1.807 -0.2 1.1972
38.093 1.807 -0.2 1.2072
38.108 1.807 -0.2 1.2132
38.123 1.807 -0.2 1.2192
38.14 1.807 -0.2 1.226
38.16 1.807 -0.2 1.234
38.168 1.807 -0.2 1.2372
38.193 1.807 -0.2 1.2472
38.217 1.807 -0.2 1.2568
38.235 1.807 -0.2 1.264
38.26 1.807 -0.2 1.274
38.278 1.807 -0.2 1.2812
38.306 1.807 -0.2 1.2924
38.326 1.807 -0.2 1.3004
38.35 1.807 -0.2 1.31
38.368 1.807 -0.2 1.3172
38.377 1.807 -0.2 1.3208
38.393 1.807 -0.2 1.3272
38.418 1.807 -0.2 1.3372
38.439 1.807 -0.2 1.3456
38.46 1.807 -0.2 1.354
38.475 1.807 -0.2 1.36
38.491 1.807 -0.2 1.3664
38.514 1.807 -0.2 1.3756
38.541 1.807 -0.2 1.3864
38.567 1.807 -0.2 1.3968
38.597 1.807 -0.2 1.4088
38.619 1.807 -0.2 1.4176
38.636 1.807 -0.2 1.4244
38.659 1.807 -0.2 1.4336
38.669 1.807 -0.2 1.4376
38.68 1.807 -0.2 1.442
38.696 1.807 -0.2 1.4484
38.715 1.807 -0.2 1.456
38.734 1.807 -0.2 1.4636
38.756 1.807 -0.2 1.4724
38.78 1.807 -0.2 1.482
38.796 1.807 -0.2 1.4884
38.824 1.807 -0.2 1.4996
38.84 1.807 -0.2 1.506
38.857 1.807 -0.2 1.5128
38.875 1.807 -0.2 1.52
38.886 1.807 -0.2 1.5244
38.909 1.807 -0.2 1.5336
38.94 1.807 -0.2 1.546
38.966 1.807 -0.2 1.5564
38.991 1.807 -0.2 1.5664
39.016 1.807 -0.2 1.5764
39.035 1.807 -0.2 1.584
39.049 1.807 -0.2 1.5896
39.061 1.807 -0.2 1.5944
39.077 1.807 -0.2 1.6008
39.089 1.807 -0.2 1.6056
39.109 1.807 -0.2 1.6136
39.125 1.807 -0.2 1.62
39.134 1.807 -0.2 1.6236
39.144 1.807 -0.2 1.6276
39.165 1.807 -0.2 1.636
39.182 1.807 -0.2 1.6428
39.2 1.807 -0.2 1.65
39.211 1.807 -0.2 1.6544
39.218 1.807 -0.2 1.6572
39.22 1.807 -0.2 1.658
39.237 1.807 -0.2 1.6648
39.259 1.807 -0.2 1.6736
39.274 1.807 -0.2 1.6796
39.288 1.807 -0.2 1.6852
39.308 1.807 -0.2 1.6932
39.322 1.807 -0.2 1.6988
39.346 1.807 -0.2 1.7084
39.372 1.807 -0.2 1.7188
39.392 1.807 -0.2 1.7268
39.413 1.807 -0.2 1.7352
39.429 1.807 -0.2 1.7416
39.448 1.807 -0.2 1.7492
39.467 1.807 -0.2 1.7568
39.481 1.807 -0.2 1.7624
39.501 1.807 -0.2 1.7704
39.515 1.807 -0.2 1.776
39.53 1.807 -0.2 1.782
39.549 1.807 -0.2 1.7896
39.567 1.807 -0.2 1.7968
39.591 1.807 -0.2 1.8064
39.607 1.807 -0.2 1.8128
39.627 1.807 -0.2 1.8208
39.644 1.807 -0.2 1.8276
39.662 1.807 -0.2 1.8348
39.687 1.807 -0.2 1.8448
39.701 1.807 -0.2 1.8504
39.716 1.807 -0.2 1.8564
39.733 1.807 -0.2 1.8632
39.744 1.807 -0.2 1.8676
39.766 1.807 -0.2 1.8764
39.79 1.807 -0.2 1.886
39.81 1.807 -0.2 1.894
39.825 1.807 -0.2 1.9
39.844 1.807 -0.2 1.9076
39.863 1.807 -0.2 1.9152
39.881 1.807 -0.2 1.9224
39.903 1.807 -0.2 1.9312
39.927 1.807 -0.2 1.9408
39.944 1.807 -0.2 1.9476
39.959 1.807 -0.2 1.9536
39.976 1.807 -0.2 1.9604
39.993 1.807 -0.2 1.9672
40.014 1.8014 -0.2 1.97
40.028 1.7958 -0.2 1.97
40.05 1.787 -0.2 1.97
40.069 1.7794 -0.2 1.97
40.083 1.7738 -0.2 1.97
40.098 1.7678 -0.2 1.97
40.12 1.759 -0.2 1.97
40.149 1.7474 -0.2 1.97
40.172 1.7382 -0.2 1.97
40.189 1.7314 -0.2 1.97
40.203 1.7258 -0.2 1.97
40.218 1.7198 -0.2 1.97
40.234 1.7134 -0.2 1.97
40.25 1.707 -0.2 1.97
40.263 1.7018 -0.2 1.97
40.279 1.6954 -0.2 1.97
40.295 1.689 -0.2 1.97
40.318 1.6798 -0.2 1.97
40.335 1.673 -0.2 1.97
40.358 1.6638 -0.2 1.97
40.382 1.6542 -0.2 1.97
40.402 1.6462 -0.2 1.97
40.421 1.6386 -0.2 1.97
40.439 1.6314 -0.2 1.97
40.46 1.623 -0.2 1.97
40.477 1.6162 -0.2 1.97
40.5 1.607 -0.2 1.97
40.515 1.601 -0.2 1.97
40.53 1.595 -0.2 1.97
40.541 1.5906 -0.2 1.97
40.553 1.5858 -0.2 1.97
40.573 1.5778 -0.2 1.97
40.585 1.573 -0.2 1.97
