0.003 1.8058 -0.2 1.97
0.022 1.7982 -0.2 1.97
0.047 1.7882 -0.2 1.97
0.08 1.775 -0.2 1.97
0.102 1.7662 -0.2 1.97
0.118 1.7598 -0.2 1.97
0.138 1.7518 -0.2 1.97
0.151 1.7466 -0.2 1.97
0.166 1.7406 -0.2 1.97
0.192 1.7302 -0.2 1.97
0.201 1.7266 -0.2 1.97
0.228 1.7158 -0.2 1.97
0.265 1.701 -0.2 1.97
0.289 1.6914 -0.2 1.97
0.307 1.6842 -0.2 1.97
0.329 1.6754 -0.2 1.97
0.356 1.6646 -0.2 1.97
0.38 1.655 -0.2 1.97
0.398 1.6478 -0.2 1.97
0.419 1.6394 -0.2 1.97
0.438 1.6318 -0.2 1.97
0.48 1.615 -0.2 1.97
0.504 1.6054 -0.2 1.97
0.534 1.5934 -0.2 1.97
0.562 1.5822 -0.2 1.97
0.585 1.573 -0.2 1.97
0.61 1.563 -0.2 1.97
0.643 1.5498 -0.2 1.97
0.674 1.5374 -0.2 1.97
0.699 1.5274 -0.2 1.97
0.72 1.519 -0.2 1.97
0.738 1.5118 -0.2 1.97
0.752 1.5062 -0.2 1.97
0.771 1.4986 -0.2 1.97
0.787 1.4922 -0.2 1.97
0.814 1.4814 -0.2 1.97
0.837 1.4722 -0.2 1.97
0.869 1.4594 -0.2 1.97
0.889 1.4514 -0.2 1.97
0.906 1.4446 -0.2 1.97
0.921 1.4386 -0.2 1.97
0.938 1.4318 -0.2 1.97
0.955 1.425 -0.2 1.97
0.986 1.4126 -0.2 1.97
1.026 1.3966 -0.2 1.97
1.047 1.3882 -0.2 1.97
1.07 1.379 -0.2 1.97
1.083 1.3738 -0.2 1.97
1.106 1.3646 -0.2 1.97
1.126 1.3566 -0.2 1.97
1.14 1.351 -0.2 1.97
1.165 1.341 -0.2 1.97
1.179 1.3354 -0.2 1.97
1.207 1.3242 -0.2 1.97
1.24 1.311 -0.2 1.97
1.264 1.3014 -0.2 1.97
1.28 1.295 -0.2 1.97
1.299 1.2874 -0.2 1.97
1.32 1.279 -0.2 1.97
1.353 1.2658 -0.2 1.97
1.376 1.2566 -0.2 1.97
1.398 1.2478 -0.2 1.97
1.414 1.2414 -0.2 1.97
1.44 1.231 -0.2 1.97
1.451 1.2266 -0.2 1.97
1.465 1.221 -0.2 1.97
1.479 1.2154 -0.2 1.97
1.496 1.2086 -0.2 1.97
1.524 1.1974 -0.2 1.97
1.537 1.1922 -0.2 1.97
1.554 1.1854 -0.2 1.97
1.579 1.1754 -0.2 1.97
1.607 1.1642 -0.2 1.97
1.632 1.1542 -0.2 1.97
1.651 1.1466 -0.2 1.97
1.666 1.1406 -0.2 1.97
1.685 1.133 -0.2 1.97
1.703 1.1258 -0.2 1.97
1.721 1.1186 -0.2 1.97
1.75 1.107 -0.2 1.97
1.772 1.0982 -0.2 1.97
1.806 1.0846 -0.2 1.97
1.84 1.071 -0.2 1.97
1.868 1.0598 -0.2 1.97
1.884 1.0534 -0.2 1.97
1.91 1.043 -0.2 1.97
1.928 1.0358 -0.2 1.97
1.948 1.0278 -0.2 1.97
1.957 1.0242 -0.2 1.97
1.973 1.0178 -0.2 1.97
1.998 1.0078 -0.2 1.97
2.018 0.9998 -0.2 1.97
2.038 0.9918 -0.2 1.97
2.056 0.9846 -0.2 1.97
2.082 0.9742 -0.2 1.97
2.097 0.9682 -0.2 1.97
2.115 0.961 -0.2 1.97
2.132 0.9542 -0.2 1.97
2.147 0.9482 -0.2 1.97
2.172 0.9382 -0.2 1.97
2.199 0.9274 -0.2 1.97
2.217 0.9202 -0.2 1.97
2.243 0.9098 -0.2 1.97
2.26 0.903 -0.2 1.97
2.299 0.8874 -0.2 1.97
2.335 0.873 -0.2 1.97
2.346 0.8686 -0.2 1.97
2.37 0.859 -0.2 1.97
2.4 0.847 -0.2 1.97
2.435 0.833 -0.2 1.97
2.467 0.8202 -0.2 1.97
2.562 0.807 -0.2 1.9452
2.589 0.807 -0.2 1.9344
2.618 0.807 -0.2 1.9228
2.639 0.807 -0.2 1.9144
2.672 0.807 -0.2 1.9012
2.694 0.807 -0.2 1.8924
2.71 0.807 -0.2 1.886
2.724 0.807 -0.2 1.8804
2.742 0.807 -0.2 1.8732
2.758 0.807 -0.2 1.8668
2.776 0.807 -0.2 1.8596
2.797 0.807 -0.2 1.8512
2.814 0.807 -0.2 1.8444
2.835 0.807 -0.2 1.836
2.849 0.807 -0.2 1.8304
2.872 0.807 -0.2 1.8212
2.889 0.807 -0.2 1.8144
2.908 0.807 -0.2 1.8068
2.925 0.807 -0.2 1.8
2.952 0.807 -0.2 1.7892
2.961 0.807 -0.2 1.7856
2.981 0.807 -0.2 1.7776
2.996 0.807 -0.2 1.7716
3.006 0.807 -0.2 1.7676
3.018 0.807 -0.2 1.7628
3.034 0.807 -0.2 1.7564
3.049 0.807 -0.2 1.7504
3.066 0.807 -0.2 1.7436
3.081 0.807 -0.2 1.7376
3.094 0.807 -0.2 1.7324
3.116 0.807 -0.2 1.7236
3.134 0.807 -0.2 1.7164
3.145 0.807 -0.2 1.712
3.155 0.807 -0.2 1.708
3.174 0.807 -0.2 1.7004
3.199 0.807 -0.2 1.6904
3.221 0.807 -0.2 1.6816
3.242 0.807 -0.2 1.6732
3.261 0.807 -0.2 1.6656
3.288 0.807 -0.2 1.6548
3.304 0.807 -0.2 1.6484
3.319 0.807 -0.2 1.6424
3.335 0.807 -0.2 1.636
3.364 0.807 -0.2 1.6244
3.385 0.807 -0.2 1.616
3.404 0.807 -0.2 1.6084
3.425 0.807 -0.2 1.6
3.447 0.807 -0.2 1.5912
3.461 0.807 -0.2 1.5856
3.483 0.807 -0.2 1.5768
3.499 0.807 -0.2 1.5704
3.518 0.807 -0.2 1.5628
3.532 0.807 -0.2 1.5572
3.55 0.807 -0.2 1.55
3.575 0.807 -0.2 1.54
3.59 0.807 -0.2 1.534
3.606 0.807 -0.2 1.5276
3.623 0.807 -0.2 1.5208
3.641 0.807 -0.2 1.5136
3.663 0.807 -0.2 1.5048
3.692 0.807 -0.2 1.4932
3.71 0.807 -0.2 1.486
3.723 0.807 -0.2 1.4808
3.75 0.807 -0.2 1.47
3.766 0.807 -0.2 1.4636
3.784 0.807 -0.2 1.4564
3.806 0.807 -0.2 1.4476
3.83 0.807 -0.2 1.438
3.84 0.807 -0.2 1.434
3.864 0.807 -0.2 1.4244
3.881 0.807 -0.2 1.4176
3.901 0.807 -0.2 1.4096
3.917 0.807 -0.2 1.4032
3.929 0.807 -0.2 1.3984
3.946 0.807 -0.2 1.3916
3.971 0.807 -0.2 1.3816
3.997 0.807 -0.2 1.3712
4.02 0.807 -0.2 1.362
4.036 0.807 -0.2 1.3556
4.053 0.807 -0.2 1.3488
4.074 0.807 -0.2 1.3404
4.093 0.807 -0.2 1.3328
4.116 0.807 -0.2 1.3236
4.127 0.807 -0.2 1.3192
4.147 0.807 -0.2 1.3112
4.166 0.807 -0.2 1.3036
4.186 0.807 -0.2 1.2956
4.213 0.807 -0.2 1.2848
4.234 0.807 -0.2 1.2764
4.251 0.807 -0.2 1.2696
4.268 0.807 -0.2 1.2628
4.279 0.807 -0.2 1.2584
4.303 0.807 -0.2 1.2488
4.324 0.807 -0.2 1.2404
4.344 0.807 -0.2 1.2324
4.363 0.807 -0.2 1.2248
4.391 0.807 -0.2 1.2136
4.42 0.807 -0.2 1.202
4.444 0.807 -0.2 1.1924
4.466 0.807 -0.2 1.1836
4.484 0.807 -0.2 1.1764
4.514 0.807 -0.2 1.1644
4.528 0.807 -0.2 1.1588
4.555 0.807 -0.2 1.148
4.57 0.807 -0.2 1.142
4.585 0.807 -0.2 1.136
4.599 0.807 -0.2 1.1304
4.612 0.807 -0.2 1.1252
4.634 0.807 -0.2 1.1164
4.646 0.807 -0.2 1.1116
4.66 0.807 -0.2 1.106
4.683 0.807 -0.2 1.0968
4.698 0.807 -0.2 1.0908
4.72 0.807 -0.2 1.082
4.736 0.807 -0.2 1.0756
4.753 0.807 -0.2 1.0688
4.763 0.807 -0.2 1.0648
4.779 0.807 -0.2 1.0584
4.8 0.807 -0.2 1.05
4.818 0.807 -0.2 1.0428
4.836 0.807 -0.2 1.0356
4.852 0.807 -0.2 1.0292
4.866 0.807 -0.2 1.0236
4.892 0.807 -0.2 1.0132
4.902 0.807 -0.2 1.0092
4.923 0.807 -0.2 1.0008
4.933 0.807 -0.2 0.9968
4.947 0.807 -0.2 0.9912
4.967 0.807 -0.2 0.9832
4.987 0.807 -0.2 0.9752
5.005 0.809 -0.2 0.97
5.016 0.8134 -0.2 0.97
5.033 0.8202 -0.2 0.97
5.052 0.8278 -0.2 0.97
5.068 0.8342 -0.2 0.97
5.083 0.8402 -0.2 0.97
5.103 0.8482 -0.2 0.97
5.121 0.8554 -0.2 0.97
5.155 0.869 -0.2 0.97
5.166 0.8734 -0.2 0.97
5.189 0.8826 -0.2 0.97
5.209 0.8906 -0.2 0.97
5.222 0.8958 -0.2 0.97
5.239 0.9026 -0.2 0.97
5.256 0.9094 -0.2 0.97
5.27 0.915 -0.2 0.97
5.284 0.9206 -0.2 0.97
5.304 0.9286 -0.2 0.97
5.321 0.9354 -0.2 0.97
5.336 0.9414 -0.2 0.97
5.359 0.9506 -0.2 0.97
5.369 0.9546 -0.2 0.97
5.392 0.9638 -0.2 0.97
5.396 0.9654 -0.2 0.97
5.413 0.9722 -0.2 0.97
5.431 0.9794 -0.2 0.97
5.45 0.987 -0.2 0.97
5.461 0.9914 -0.2 0.97
5.476 0.9974 -0.2 0.97
5.492 1.0038 -0.2 0.97
5.521 1.0154 -0.2 0.97
5.54 1.023 -0.2 0.97
5.555 1.029 -0.2 0.97
5.576 1.0374 -0.2 0.97
5.6 1.047 -0.2 0.97
5.615 1.053 -0.2 0.97
5.624 1.0566 -0.2 0.97
5.637 1.0618 -0.2 0.97
5.656 1.0694 -0.2 0.97
5.673 1.0762 -0.2 0.97
5.681 1.0794 -0.2 0.97
5.711 1.0914 -0.2 0.97
5.729 1.0986 -0.2 0.97
5.744 1.1046 -0.2 0.97
5.764 1.1126 -0.2 0.97
5.779 1.1186 -0.2 0.97
5.796 1.1254 -0.2 0.97
5.813 1.1322 -0.2 0.97
5.833 1.1402 -0.2 0.97
5.859 1.1506 -0.2 0.97
5.875 1.157 -0.2 0.97
5.894 1.1646 -0.2 0.97
5.908 1.1702 -0.2 0.97
5.927 1.1778 -0.2 0.97
5.942 1.1838 -0.2 0.97
5.965 1.193 -0.2 0.97
5.987 1.2018 -0.2 0.97
6.004 1.2086 -0.2 0.97
6.031 1.2194 -0.2 0.97
6.042 1.2238 -0.2 0.97
6.055 1.229 -0.2 0.97
6.082 1.2398 -0.2 0.97
6.098 1.2462 -0.2 0.97
6.116 1.2534 -0.2 0.97
6.137 1.2618 -0.2 0.97
6.15 1.267 -0.2 0.97
6.171 1.2754 -0.2 0.97
6.185 1.281 -0.2 0.97
6.202 1.2878 -0.2 0.97
6.217 1.2938 -0.2 0.97
6.249 1.3066 -0.2 0.97
6.266 1.3134 -0.2 0.97
6.282 1.3198 -0.2 0.97
6.303 1.3282 -0.2 0.97
6.326 1.3374 -0.2 0.97
6.339 1.3426 -0.2 0.97
6.354 1.3486 -0.2 0.97
6.377 1.3578 -0.2 0.97
6.397 1.3658 -0.2 0.97
6.42 1.375 -0.2 0.97
6.434 1.3806 -0.2 0.97
6.45 1.387 -0.2 0.97
6.463 1.3922 -0.2 0.97
6.481 1.3994 -0.2 0.97
6.499 1.4066 -0.2 0.97
6.512 1.4118 -0.2 0.97
6.528 1.4182 -0.2 0.97
6.545 1.425 -0.2 0.97
6.557 1.4298 -0.2 0.97
6.577 1.4378 -0.2 0.97
6.595 1.445 -0.2 0.97
6.616 1.4534 -0.2 0.97
6.629 1.4586 -0.2 0.97
6.651 1.4674 -0.2 0.97
6.669 1.4746 -0.2 0.97
6.686 1.4814 -0.2 0.97
6.703 1.4882 -0.2 0.97
6.722 1.4958 -0.2 0.97
6.74 1.503 -0.2 0.97
6.756 1.5094 -0.2 0.97
6.77 1.515 -0.2 0.97
6.786 1.5214 -0.2 0.97
6.796 1.5254 -0.2 0.97
6.815 1.533 -0.2 0.97
6.832 1.5398 -0.2 0.97
6.859 1.5506 -0.2 0.97
6.869 1.5546 -0.2 0.97
6.881 1.5594 -0.2 0.97
6.893 1.5642 -0.2 0.97
6.909 1.5706 -0.2 0.97
6.931 1.5794 -0.2 0.97
6.948 1.5862 -0.2 0.97
6.963 1.5922 -0.2 0.97
6.976 1.5974 -0.2 0.97
6.998 1.6062 -0.2 0.97
7.008 1.6102 -0.2 0.97
7.027 1.6178 -0.2 0.97
7.046 1.6254 -0.2 0.97
7.065 1.633 -0.2 0.97
7.087 1.6418 -0.2 0.97
7.097 1.6458 -0.2 0.97
7.113 1.6522 -0.2 0.97
7.127 1.6578 -0.2 0.97
7.14 1.663 -0.2 0.97
7.164 1.6726 -0.2 0.97
7.184 1.6806 -0.2 0.97
7.205 1.689 -0.2 0.97
7.224 1.6966 -0.2 0.97
7.247 1.7058 -0.2 0.97
7.258 1.7102 -0.2 0.97
7.278 1.7182 -0.2 0.97
7.311 1.7314 -0.2 0.97
7.335 1.741 -0.2 0.97
7.356 1.7494 -0.2 0.97
7.372 1.7558 -0.2 0.97
7.391 1.7634 -0.2 0.97
7.407 1.7698 -0.2 0.97
7.424 1.7766 -0.2 0.97
7.443 1.7842 -0.2 0.97
7.456 1.7894 -0.2 0.97
7.47 1.795 -0.2 0.97
7.492 1.8038 -0.2 0.97
7.512 1.807 -0.2 0.9748
7.531 1.807 -0.2 0.9824
7.55 1.807 -0.2 0.99
7.57 1.807 -0.2 0.998
7.598 1.807 -0.2 1.0092
7.611 1.807 -0.2 1.0144
7.626 1.807 -0.2 1.0204
7.654 1.807 -0.2 1.0316
7.672 1.807 -0.2 1.0388
7.683 1.807 -0.2 1.0432
7.708 1.807 -0.2 1.0532
7.724 1.807 -0.2 1.0596
7.748 1.807 -0.2 1.0692
7.762 1.807 -0.2 1.0748
7.781 1.807 -0.2 1.0824
7.797 1.807 -0.2 1.0888
7.815 1.807 -0.2 1.096
7.826 1.807 -0.2 1.1004
7.844 1.807 -0.2 1.1076
7.864 1.807 -0.2 1.1156
7.883 1.807 -0.2 1.1232
7.898 1.807 -0.2 1.1292
7.919 1.807 -0.2 1.1376
7.933 1.807 -0.2 1.1432
7.951 1.807 -0.2 1.1504
7.976 1.807 -0.2 1.1604
7.99 1.807 -0.2 1.166
8.01 1.807 -0.2 1.174
8.031 1.807 -0.2 1.1824
8.054 1.807 -0.2 1.1916
8.073 1.807 -0.2 1.1992
8.088 1.807 -0.2 1.2052
8.108 1.807 -0.2 1.2132
8.123 1.807 -0.2 1.2192
8.139 1.807 -0.2 1.2256
8.167 1.807 -0.2 1.2368
8.18 1.807 -0.2 1.242
8.2 1.807 -0.2 1.25
8.219 1.807 -0.2 1.2576
8.237 1.807 -0.2 1.2648
8.259 1.807 -0.2 1.2736
8.288 1.807 -0.2 1.2852
8.308 1.807 -0.2 1.2932
8.33 1.807 -0.2 1.302
8.367 1.807 -0.2 1.3168
8.389 1.807 -0.2 1.3256
8.405 1.807 -0.2 1.332
8.432 1.807 -0.2 1.3428
8.449 1.807 -0.2 1.3496
8.465 1.807 -0.2 1.356
8.485 1.807 -0.2 1.364
8.502 1.807 -0.2 1.3708
8.523 1.807 -0.2 1.3792
8.555 1.807 -0.2 1.392
8.566 1.807 -0.2 1.3964
8.584 1.807 -0.2 1.4036
8.602 1.807 -0.2 1.4108
8.624 1.807 -0.2 1.4196
8.645 1.807 -0.2 1.428
8.657 1.807 -0.2 1.4328
8.678 1.807 -0.2 1.4412
8.698 1.807 -0.2 1.4492
8.709 1.807 -0.2 1.4536
8.728 1.807 -0.2 1.4612
8.742 1.807 -0.2 1.4668
8.76 1.807 -0.2 1.474
8.777 1.807 -0.2 1.4808
8.793 1.807 -0.2 1.4872
8.806 1.807 -0.2 1.4924
8.827 1.807 -0.2 1.5008
8.844 1.807 -0.2 1.5076
8.867 1.807 -0.2 1.5168
8.887 1.807 -0.2 1.5248
8.903 1.807 -0.2 1.5312
8.919 1.807 -0.2 1.5376
8.937 1.807 -0.2 1.5448
8.957 1.807 -0.2 1.5528
8.974 1.807 -0.2 1.5596
8.994 1.807 -0.2 1.5676
9.018 1.807 -0.2 1.5772
9.027 1.807 -0.2 1.5808
9.046 1.807 -0.2 1.5884
9.063 1.807 -0.2 1.5952
9.085 1.807 -0.2 1.604
9.105 1.807 -0.2 1.612
9.121 1.807 -0.2 1.6184
9.13 1.807 -0.2 1.622
9.158 1.807 -0.2 1.6332
9.175 1.807 -0.2 1.64
9.19 1.807 -0.2 1.646
9.203 1.807 -0.2 1.6512
9.215 1.807 -0.2 1.656
9.238 1.807 -0.2 1.6652
9.267 1.807 -0.2 1.6768
9.287 1.807 -0.2 1.6848
9.299 1.807 -0.2 1.6896
9.327 1.807 -0.2 1.7008
9.348 1.807 -0.2 1.7092
9.363 1.807 -0.2 1.7152
9.384 1.807 -0.2 1.7236
9.415 1.807 -0.2 1.736
9.429 1.807 -0.2 1.7416
9.448 1.807 -0.2 1.7492
9.466 1.807 -0.2 1.7564
9.491 1.807 -0.2 1.7664
9.518 1.807 -0.2 1.7772
9.535 1.807 -0.2 1.784
9.55 1.807 -0.2 1.79
9.566 1.807 -0.2 1.7964
9.581 1.807 -0.2 1.8024
9.599 1.807 -0.2 1.8096
9.614 1.807 -0.2 1.8156
9.628 1.807 -0.2 1.8212
9.64 1.807 -0.2 1.826
9.652 1.807 -0.2 1.8308
9.675 1.807 -0.2 1.84
9.694 1.807 -0.2 1.8476
9.709 1.807 -0.2 1.8536
9.722 1.807 -0.2 1.8588
9.745 1.807 -0.2 1.868
9.766 1.807 -0.2 1.8764
9.785 1.807 -0.2 1.884
9.812 1.807 -0.2 1.8948
9.826 1.807 -0.2 1.9004
9.841 1.807 -0.2 1.9064
9.859 1.807 -0.2 1.9136
9.878 1.807 -0.2 1.9212
9.901 1.807 -0.2 1.9304
9.928 1.807 -0.2 1.9412
9.947 1.807 -0.2 1.9488
9.962 1.807 -0.2 1.9548
9.977 1.807 -0.2 1.9608
9.99 1.807 -0.2 1.966
10.008 1.8038 -0.2 1.97
10.029 1.7954 -0.2 1.97
10.051 1.7866 -0.2 1.97
10.074 1.7774 -0.2 1.97
10.092 1.7702 -0.2 1.97
10.108 1.7638 -0.2 1.97
10.127 1.7562 -0.2 1.97
10.142 1.7502 -0.2 1.97
10.162 1.7422 -0.2 1.97
10.172 1.7382 -0.2 1.97
10.186 1.7326 -0.2 1.97
10.208 1.7238 -0.2 1.97
10.228 1.7158 -0.2 1.97
10.252 1.7062 -0.2 1.97
10.269 1.6994 -0.2 1.97
10.285 1.693 -0.2 1.97
10.304 1.6854 -0.2 1.97
10.322 1.6782 -0.2 1.97
10.339 1.6714 -0.2 1.97
10.352 1.6662 -0.2 1.97
10.364 1.6614 -0.2 1.97
10.387 1.6522 -0.2 1.97
10.407 1.6442 -0.2 1.97
10.429 1.6354 -0.2 1.97
10.451 1.6266 -0.2 1.97
10.473 1.6178 -0.2 1.97
10.49 1.611 -0.2 1.97
10.506 1.6046 -0.2 1.97
10.522 1.5982 -0.2 1.97
10.535 1.593 -0.2 1.97
10.55 1.587 -0.2 1.97
10.57 1.579 -0.2 1.97
10.593 1.5698 -0.2 1.97
10.608 1.5638 -0.2 1.97
10.625 1.557 -0.2 1.97
10.644 1.5494 -0.2 1.97
10.662 1.5422 -0.2 1.97
10.686 1.5326 -0.2 1.97
10.713 1.5218 -0.2 1.97
10.732 1.5142 -0.2 1.97
10.755 1.505 -0.2 1.97
10.768 1.4998 -0.2 1.97
10.793 1.4898 -0.2 1.97
10.827 1.4762 -0.2 1.97
10.844 1.4694 -0.2 1.97
10.859 1.4634 -0.2 1.97
10.876 1.4566 -0.2 1.97
10.89 1.451 -0.2 1.97
10.905 1.445 -0.2 1.97
10.923 1.4378 -0.2 1.97
10.941 1.4306 -0.2 1.97
10.958 1.4238 -0.2 1.97
10.979 1.4154 -0.2 1.97
10.996 1.4086 -0.2 1.97
11.009 1.4034 -0.2 1.97
11.027 1.3962 -0.2 1.97
11.048 1.3878 -0.2 1.97
11.065 1.381 -0.2 1.97
11.081 1.3746 -0.2 1.97
11.09 1.371 -0.2 1.97
11.116 1.3606 -0.2 1.97
11.131 1.3546 -0.2 1.97
11.146 1.3486 -0.2 1.97
11.157 1.3442 -0.2 1.97
11.169 1.3394 -0.2 1.97
11.179 1.3354 -0.2 1.97
11.196 1.3286 -0.2 1.97
11.21 1.323 -0.2 1.97
11.226 1.3166 -0.2 1.97
11.236 1.3126 -0.2 1.97
11.255 1.305 -0.2 1.97
11.278 1.2958 -0.2 1.97
11.295 1.289 -0.2 1.97
11.318 1.2798 -0.2 1.97
11.334 1.2734 -0.2 1.97
11.354 1.2654 -0.2 1.97
11.374 1.2574 -0.2 1.97
11.394 1.2494 -0.2 1.97
11.416 1.2406 -0.2 1.97
11.438 1.2318 -0.2 1.97
11.459 1.2234 -0.2 1.97
11.469 1.2194 -0.2 1.97
11.493 1.2098 -0.2 1.97
11.503 1.2058 -0.2 1.97
11.518 1.1998 -0.2 1.97
11.54 1.191 -0.2 1.97
11.555 1.185 -0.2 1.97
11.573 1.1778 -0.2 1.97
11.587 1.1722 -0.2 1.97
11.6 1.167 -0.2 1.97
11.62 1.159 -0.2 1.97
11.634 1.1534 -0.2 1.97
11.656 1.1446 -0.2 1.97
11.667 1.1402 -0.2 1.97
11.688 1.1318 -0.2 1.97
11.708 1.1238 -0.2 1.97
11.723 1.1178 -0.2 1.97
11.737 1.1122 -0.2 1.97
11.753 1.1058 -0.2 1.97
11.773 1.0978 -0.2 1.97
11.797 1.0882 -0.2 1.97
11.813 1.0818 -0.2 1.97
11.835 1.073 -0.2 1.97
11.861 1.0626 -0.2 1.97
11.882 1.0542 -0.2 1.97
11.893 1.0498 -0.2 1.97
11.914 1.0414 -0.2 1.97
11.929 1.0354 -0.2 1.97
11.948 1.0278 -0.2 1.97
11.964 1.0214 -0.2 1.97
11.979 1.0154 -0.2 1.97
11.995 1.009 -0.2 1.97
12.015 1.001 -0.2 1.97
12.034 0.9934 -0.2 1.97
12.048 0.9878 -0.2 1.97
12.062 0.9822 -0.2 1.97
12.086 0.9726 -0.2 1.97
12.103 0.9658 -0.2 1.97
12.114 0.9614 -0.2 1.97
12.132 0.9542 -0.2 1.97
12.147 0.9482 -0.2 1.97
12.167 0.9402 -0.2 1.97
12.186 0.9326 -0.2 1.97
12.208 0.9238 -0.2 1.97
12.225 0.917 -0.2 1.97
12.239 0.9114 -0.2 1.97
12.265 0.901 -0.2 1.97
12.282 0.8942 -0.2 1.97
12.303 0.8858 -0.2 1.97
12.318 0.8798 -0.2 1.97
12.337 0.8722 -0.2 1.97
12.359 0.8634 -0.2 1.97
12.388 0.8518 -0.2 1.97
12.409 0.8434 -0.2 1.97
12.422 0.8382 -0.2 1.97
12.437 0.8322 -0.2 1.97
12.457 0.8242 -0.2 1.97
12.474 0.8174 -0.2 1.97
12.491 0.8106 -0.2 1.97
12.51 0.807 -0.2 1.966
12.53 0.807 -0.2 1.958
12.549 0.807 -0.2 1.9504
12.56 0.807 -0.2 1.946
12.576 0.807 -0.2 1.9396
12.596 0.807 -0.2 1.9316
12.611 0.807 -0.2 1.9256
12.631 0.807 -0.2 1.9176
12.648 0.807 -0.2 1.9108
12.666 0.807 -0.2 1.9036
12.678 0.807 -0.2 1.8988
12.693 0.807 -0.2 1.8928
12.712 0.807 -0.2 1.8852
12.727 0.807 -0.2 1.8792
12.738 0.807 -0.2 1.8748
12.763 0.807 -0.2 1.8648
12.776 0.807 -0.2 1.8596
12.793 0.807 -0.2 1.8528
12.812 0.807 -0.2 1.8452
12.836 0.807 -0.2 1.8356
12.86 0.807 -0.2 1.826
12.874 0.807 -0.2 1.8204
12.898 0.807 -0.2 1.8108
12.914 0.807 -0.2 1.8044
12.933 0.807 -0.2 1.7968
12.959 0.807 -0.2 1.7864
12.976 0.807 -0.2 1.7796
12.996 0.807 -0.2 1.7716
13.019 0.807 -0.2 1.7624
13.041 0.807 -0.2 1.7536
13.064 0.807 -0.2 1.7444
13.084 0.807 -0.2 1.7364
13.1 0.807 -0.2 1.73
13.124 0.807 -0.2 1.7204
13.137 0.807 -0.2 1.7152
13.156 0.807 -0.2 1.7076
13.169 0.807 -0.2 1.7024
13.182 0.807 -0.2 1.6972
13.197 0.807 -0.2 1.6912
13.213 0.807 -0.2 1.6848
13.23 0.807 -0.2 1.678
13.253 0.807 -0.2 1.6688
13.269 0.807 -0.2 1.6624
13.295 0.807 -0.2 1.652
13.31 0.807 -0.2 1.646
13.321 0.807 -0.2 1.6416
13.347 0.807 -0.2 1.6312
13.369 0.807 -0.2 1.6224
13.388 0.807 -0.2 1.6148
13.414 0.807 -0.2 1.6044
13.433 0.807 -0.2 1.5968
13.452 0.807 -0.2 1.5892
13.468 0.807 -0.2 1.5828
13.48 0.807 -0.2 1.578
13.498 0.807 -0.2 1.5708
13.518 0.807 -0.2 1.5628
13.532 0.807 -0.2 1.5572
13.554 0.807 -0.2 1.5484
13.577 0.807 -0.2 1.5392
13.595 0.807 -0.2 1.532
13.613 0.807 -0.2 1.5248
13.627 0.807 -0.2 1.5192
13.642 0.807 -0.2 1.5132
13.661 0.807 -0.2 1.5056
13.671 0.807 -0.2 1.5016
13.695 0.807 -0.2 1.492
13.712 0.807 -0.2 1.4852
13.726 0.807 -0.2 1.4796
13.745 0.807 -0.2 1.472
13.762 0.807 -0.2 1.4652
13.776 0.807 -0.2 1.4596
13.797 0.807 -0.2 1.4512
13.814 0.807 -0.2 1.4444
13.83 0.807 -0.2 1.438
13.846 0.807 -0.2 1.4316
13.862 0.807 -0.2 1.4252
13.877 0.807 -0.2 1.4192
13.898 0.807 -0.2 1.4108
13.922 0.807 -0.2 1.4012
13.937 0.807 -0.2 1.3952
13.957 0.807 -0.2 1.3872
13.984 0.807 -0.2 1.3764
14 0.807 -0.2 1.37
14.017 0.807 -0.2 1.3632
14.038 0.807 -0.2 1.3548
14.06 0.807 -0.2 1.346
14.082 0.807 -0.2 1.3372
14.101 0.807 -0.2 1.3296
14.128 0.807 -0.2 1.3188
14.148 0.807 -0.2 1.3108
14.164 0.807 -0.2 1.3044
14.179 0.807 -0.2 1.2984
14.196 0.807 -0.2 1.2916
14.214 0.807 -0.2 1.2844
14.224 0.807 -0.2 1.2804
14.242 0.807 -0.2 1.2732
14.259 0.807 -0.2 1.2664
14.273 0.807 -0.2 1.2608
14.29 0.807 -0.2 1.254
14.313 0.807 -0.2 1.2448
14.327 0.807 -0.2 1.2392
14.348 0.807 -0.2 1.2308
14.364 0.807 -0.2 1.2244
14.375 0.807 -0.2 1.22
14.393 0.807 -0.2 1.2128
14.412 0.807 -0.2 1.2052
14.427 0.807 -0.2 1.1992
14.443 0.807 -0.2 1.1928
14.457 0.807 -0.2 1.1872
14.471 0.807 -0.2 1.1816
14.485 0.807 -0.2 1.176
14.504 0.807 -0.2 1.1684
14.534 0.807 -0.2 1.1564
14.553 0.807 -0.2 1.1488
14.571 0.807 -0.2 1.1416
14.58 0.807 -0.2 1.138
14.591 0.807 -0.2 1.1336
14.605 0.807 -0.2 1.128
14.623 0.807 -0.2 1.1208
14.64 0.807 -0.2 1.114
14.65 0.807 -0.2 1.11
14.673 0.807 -0.2 1.1008
14.69 0.807 -0.2 1.094
14.704 0.807 -0.2 1.0884
14.726 0.807 -0.2 1.0796
14.744 0.807 -0.2 1.0724
14.763 0.807 -0.2 1.0648
14.777 0.807 -0.2 1.0592
14.788 0.807 -0.2 1.0548
14.806 0.807 -0.2 1.0476
14.824 0.807 -0.2 1.0404
14.845 0.807 -0.2 1.032
14.873 0.807 -0.2 1.0208
14.907 0.807 -0.2 1.0072
14.944 0.807 -0.2 0.9924
14.973 0.807 -0.2 0.9808
14.995 0.807 -0.2 0.972
15.026 0.8174 -0.2 0.97
15.039 0.8226 -0.2 0.97
15.056 0.8294 -0.2 0.97
15.075 0.837 -0.2 0.97
15.088 0.8422 -0.2 0.97
15.105 0.849 -0.2 0.97
15.122 0.8558 -0.2 0.97
15.147 0.8658 -0.2 0.97
15.183 0.8802 -0.2 0.97
15.206 0.8894 -0.2 0.97
15.224 0.8966 -0.2 0.97
15.239 0.9026 -0.2 0.97
15.257 0.9098 -0.2 0.97
15.284 0.9206 -0.2 0.97
15.301 0.9274 -0.2 0.97
15.326 0.9374 -0.2 0.97
15.343 0.9442 -0.2 0.97
15.362 0.9518 -0.2 0.97
15.382 0.9598 -0.2 0.97
15.397 0.9658 -0.2 0.97
15.415 0.973 -0.2 0.97
15.435 0.981 -0.2 0.97
15.452 0.9878 -0.2 0.97
15.469 0.9946 -0.2 0.97
15.492 1.0038 -0.2 0.97
15.507 1.0098 -0.2 0.97
15.526 1.0174 -0.2 0.97
15.541 1.0234 -0.2 0.97
15.559 1.0306 -0.2 0.97
15.571 1.0354 -0.2 0.97
15.597 1.0458 -0.2 0.97
15.623 1.0562 -0.2 0.97
15.639 1.0626 -0.2 0.97
15.656 1.0694 -0.2 0.97
15.673 1.0762 -0.2 0.97
15.689 1.0826 -0.2 0.97
15.701 1.0874 -0.2 0.97
15.714 1.0926 -0.2 0.97
15.729 1.0986 -0.2 0.97
15.752 1.1078 -0.2 0.97
15.762 1.1118 -0.2 0.97
15.775 1.117 -0.2 0.97
15.794 1.1246 -0.2 0.97
15.824 1.1366 -0.2 0.97
15.837 1.1418 -0.2 0.97
15.86 1.151 -0.2 0.97
15.874 1.1566 -0.2 0.97
15.893 1.1642 -0.2 0.97
15.906 1.1694 -0.2 0.97
15.919 1.1746 -0.2 0.97
15.941 1.1834 -0.2 0.97
15.957 1.1898 -0.2 0.97
15.978 1.1982 -0.2 0.97
15.997 1.2058 -0.2 0.97
16.041 1.2234 -0.2 0.97
16.06 1.231 -0.2 0.97
16.076 1.2374 -0.2 0.97
16.096 1.2454 -0.2 0.97
16.113 1.2522 -0.2 0.97
16.132 1.2598 -0.2 0.97
16.147 1.2658 -0.2 0.97
16.165 1.273 -0.2 0.97
16.182 1.2798 -0.2 0.97
16.206 1.2894 -0.2 0.97
16.221 1.2954 -0.2 0.97
16.239 1.3026 -0.2 0.97
16.267 1.3138 -0.2 0.97
16.279 1.3186 -0.2 0.97
16.298 1.3262 -0.2 0.97
16.312 1.3318 -0.2 0.97
16.331 1.3394 -0.2 0.97
16.364 1.3526 -0.2 0.97
16.402 1.3678 -0.2 0.97
16.423 1.3762 -0.2 0.97
16.441 1.3834 -0.2 0.97
16.458 1.3902 -0.2 0.97
16.475 1.397 -0.2 0.97
16.49 1.403 -0.2 0.97
16.507 1.4098 -0.2 0.97
16.525 1.417 -0.2 0.97
16.538 1.4222 -0.2 0.97
16.56 1.431 -0.2 0.97
16.578 1.4382 -0.2 0.97
16.586 1.4414 -0.2 0.97
16.608 1.4502 -0.2 0.97
16.623 1.4562 -0.2 0.97
16.641 1.4634 -0.2 0.97
16.658 1.4702 -0.2 0.97
16.683 1.4802 -0.2 0.97
16.696 1.4854 -0.2 0.97
16.706 1.4894 -0.2 0.97
16.714 1.4926 -0.2 0.97
16.734 1.5006 -0.2 0.97
16.75 1.507 -0.2 0.97
16.765 1.513 -0.2 0.97
16.78 1.519 -0.2 0.97
16.8 1.527 -0.2 0.97
16.816 1.5334 -0.2 0.97
16.839 1.5426 -0.2 0.97
16.862 1.5518 -0.2 0.97
16.882 1.5598 -0.2 0.97
16.903 1.5682 -0.2 0.97
16.926 1.5774 -0.2 0.97
16.943 1.5842 -0.2 0.97
16.962 1.5918 -0.2 0.97
16.99 1.603 -0.2 0.97
17.007 1.6098 -0.2 0.97
17.033 1.6202 -0.2 0.97
17.046 1.6254 -0.2 0.97
17.07 1.635 -0.2 0.97
17.091 1.6434 -0.2 0.97
17.11 1.651 -0.2 0.97
17.126 1.6574 -0.2 0.97
17.144 1.6646 -0.2 0.97
17.151 1.6674 -0.2 0.97
17.174 1.6766 -0.2 0.97
17.19 1.683 -0.2 0.97
17.207 1.6898 -0.2 0.97
17.226 1.6974 -0.2 0.97
17.24 1.703 -0.2 0.97
17.254 1.7086 -0.2 0.97
17.279 1.7186 -0.2 0.97
17.298 1.7262 -0.2 0.97
17.33 1.739 -0.2 0.97
17.348 1.7462 -0.2 0.97
17.365 1.753 -0.2 0.97
17.382 1.7598 -0.2 0.97
17.398 1.7662 -0.2 0.97
17.42 1.775 -0.2 0.97
17.45 1.787 -0.2 0.97
17.469 1.7946 -0.2 0.97
17.48 1.799 -0.2 0.97
17.493 1.8042 -0.2 0.97
17.515 1.807 -0.2 0.976
17.537 1.807 -0.2 0.9848
17.556 1.807 -0.2 0.9924
17.569 1.807 -0.2 0.9976
17.586 1.807 -0.2 1.0044
17.605 1.807 -0.2 1.012
17.62 1.807 -0.2 1.018
17.64 1.807 -0.2 1.026
17.653 1.807 -0.2 1.0312
17.671 1.807 -0.2 1.0384
17.695 1.807 -0.2 1.048
17.72 1.807 -0.2 1.058
17.753 1.807 -0.2 1.0712
17.769 1.807 -0.2 1.0776
17.793 1.807 -0.2 1.0872
17.813 1.807 -0.2 1.0952
17.829 1.807 -0.2 1.1016
17.841 1.807 -0.2 1.1064
17.862 1.807 -0.2 1.1148
17.879 1.807 -0.2 1.1216
17.892 1.807 -0.2 1.1268
17.904 1.807 -0.2 1.1316
17.92 1.807 -0.2 1.138
17.941 1.807 -0.2 1.1464
17.962 1.807 -0.2 1.1548
17.98 1.807 -0.2 1.162
17.995 1.807 -0.2 1.168
18.013 1.807 -0.2 1.1752
18.027 1.807 -0.2 1.1808
18.041 1.807 -0.2 1.1864
18.063 1.807 -0.2 1.1952
18.079 1.807 -0.2 1.2016
18.092 1.807 -0.2 1.2068
18.109 1.807 -0.2 1.2136
18.124 1.807 -0.2 1.2196
18.141 1.807 -0.2 1.2264
18.155 1.807 -0.2 1.232
18.174 1.807 -0.2 1.2396
18.195 1.807 -0.2 1.248
18.207 1.807 -0.2 1.2528
18.222 1.807 -0.2 1.2588
18.239 1.807 -0.2 1.2656
18.255 1.807 -0.2 1.272
18.27 1.807 -0.2 1.278
18.283 1.807 -0.2 1.2832
18.306 1.807 -0.2 1.2924
18.326 1.807 -0.2 1.3004
18.343 1.807 -0.2 1.3072
18.359 1.807 -0.2 1.3136
18.375 1.807 -0.2 1.32
18.402 1.807 -0.2 1.3308
18.428 1.807 -0.2 1.3412
18.444 1.807 -0.2 1.3476
18.471 1.807 -0.2 1.3584
18.481 1.807 -0.2 1.3624
18.488 1.807 -0.2 1.3652
18.5 1.807 -0.2 1.37
18.527 1.807 -0.2 1.3808
18.542 1.807 -0.2 1.3868
18.559 1.807 -0.2 1.3936
18.576 1.807 -0.2 1.4004
18.593 1.807 -0.2 1.4072
18.606 1.807 -0.2 1.4124
18.624 1.807 -0.2 1.4196
18.643 1.807 -0.2 1.4272
18.663 1.807 -0.2 1.4352
18.687 1.807 -0.2 1.4448
18.7 1.807 -0.2 1.45
18.717 1.807 -0.2 1.4568
18.732 1.807 -0.2 1.4628
18.759 1.807 -0.2 1.4736
18.772 1.807 -0.2 1.4788
18.795 1.807 -0.2 1.488
18.811 1.807 -0.2 1.4944
18.833 1.807 -0.2 1.5032
18.854 1.807 -0.2 1.5116
18.877 1.807 -0.2 1.5208
18.891 1.807 -0.2 1.5264
18.908 1.807 -0.2 1.5332
18.925 1.807 -0.2 1.54
18.937 1.807 -0.2 1.5448
18.959 1.807 -0.2 1.5536
18.979 1.807 -0.2 1.5616
18.995 1.807 -0.2 1.568
19.014 1.807 -0.2 1.5756
19.031 1.807 -0.2 1.5824
19.048 1.807 -0.2 1.5892
19.064 1.807 -0.2 1.5956
19.085 1.807 -0.2 1.604
19.114 1.807 -0.2 1.6156
19.134 1.807 -0.2 1.6236
19.147 1.807 -0.2 1.6288
19.164 1.807 -0.2 1.6356
19.184 1.807 -0.2 1.6436
19.208 1.807 -0.2 1.6532
19.221 1.807 -0.2 1.6584
19.236 1.807 -0.2 1.6644
19.248 1.807 -0.2 1.6692
19.275 1.807 -0.2 1.68
19.292 1.807 -0.2 1.6868
19.309 1.807 -0.2 1.6936
19.336 1.807 -0.2 1.7044
19.359 1.807 -0.2 1.7136
19.382 1.807 -0.2 1.7228
19.394 1.807 -0.2 1.7276
19.42 1.807 -0.2 1.738
19.439 1.807 -0.2 1.7456
19.463 1.807 -0.2 1.7552
19.498 1.807 -0.2 1.7692
19.516 1.807 -0.2 1.7764
19.528 1.807 -0.2 1.7812
19.549 1.807 -0.2 1.7896
19.564 1.807 -0.2 1.7956
19.581 1.807 -0.2 1.8024
19.6 1.807 -0.2 1.81
19.625 1.807 -0.2 1.82
19.644 1.807 -0.2 1.8276
19.664 1.807 -0.2 1.8356
19.684 1.807 -0.2 1.8436
19.701 1.807 -0.2 1.8504
19.716 1.807 -0.2 1.8564
19.737 1.807 -0.2 1.8648
19.755 1.807 -0.2 1.872
19.776 1.807 -0.2 1.8804
19.791 1.807 -0.2 1.8864
19.806 1.807 -0.2 1.8924
19.823 1.807 -0.2 1.8992
19.847 1.807 -0.2 1.9088
19.861 1.807 -0.2 1.9144
19.881 1.807 -0.2 1.9224
19.895 1.807 -0.2 1.928
19.911 1.807 -0.2 1.9344
19.92 1.807 -0.2 1.938
19.935 1.807 -0.2 1.944
19.956 1.807 -0.2 1.9524
19.975 1.807 -0.2 1.96
19.988 1.807 -0.2 1.9652
20.001 1.8066 -0.2 1.97
20.018 1.7998 -0.2 1.97
20.031 1.7946 -0.2 1.97
20.05 1.787 -0.2 1.97
20.075 1.777 -0.2 1.97
20.1 1.767 -0.2 1.97
20.117 1.7602 -0.2 1.97
20.13 1.755 -0.2 1.97
20.149 1.7474 -0.2 1.97
20.173 1.7378 -0.2 1.97
20.193 1.7298 -0.2 1.97
20.213 1.7218 -0.2 1.97
20.232 1.7142 -0.2 1.97
20.244 1.7094 -0.2 1.97
20.257 1.7042 -0.2 1.97
20.274 1.6974 -0.2 1.97
20.294 1.6894 -0.2 1.97
20.311 1.6826 -0.2 1.97
20.332 1.6742 -0.2 1.97
20.354 1.6654 -0.2 1.97
20.37 1.659 -0.2 1.97
20.393 1.6498 -0.2 1.97
20.412 1.6422 -0.2 1.97
20.432 1.6342 -0.2 1.97
20.446 1.6286 -0.2 1.97
20.456 1.6246 -0.2 1.97
20.472 1.6182 -0.2 1.97
20.488 1.6118 -0.2 1.97
20.504 1.6054 -0.2 1.97
20.515 1.601 -0.2 1.97
20.52 1.599 -0.2 1.97
20.541 1.5906 -0.2 1.97
20.558 1.5838 -0.2 1.97
20.582 1.5742 -0.2 1.97
20.598 1.5678 -0.2 1.97
20.614 1.5614 -0.2 1.97
20.644 1.5494 -0.2 1.97
20.665 1.541 -0.2 1.97
20.686 1.5326 -0.2 1.97
20.711 1.5226 -0.2 1.97
20.731 1.5146 -0.2 1.97
20.751 1.5066 -0.2 1.97
20.771 1.4986 -0.2 1.97
20.788 1.4918 -0.2 1.97
20.799 1.4874 -0.2 1.97
20.815 1.481 -0.2 1.97
20.835 1.473 -0.2 1.97
20.855 1.465 -0.2 1.97
20.877 1.4562 -0.2 1.97
20.893 1.4498 -0.2 1.97
20.907 1.4442 -0.2 1.97
20.926 1.4366 -0.2 1.97
20.949 1.4274 -0.2 1.97
20.96 1.423 -0.2 1.97
20.974 1.4174 -0.2 1.97
20.984 1.4134 -0.2 1.97
21 1.407 -0.2 1.97
21.019 1.3994 -0.2 1.97
21.037 1.3922 -0.2 1.97
21.053 1.3858 -0.2 1.97
21.07 1.379 -0.2 1.97
21.086 1.3726 -0.2 1.97
21.1 1.367 -0.2 1.97
21.114 1.3614 -0.2 1.97
21.126 1.3566 -0.2 1.97
21.144 1.3494 -0.2 1.97
21.162 1.3422 -0.2 1.97
21.174 1.3374 -0.2 1.97
21.191 1.3306 -0.2 1.97
21.21 1.323 -0.2 1.97
21.228 1.3158 -0.2 1.97
21.246 1.3086 -0.2 1.97
21.263 1.3018 -0.2 1.97
21.276 1.2966 -0.2 1.97
21.295 1.289 -0.2 1.97
21.307 1.2842 -0.2 1.97
21.322 1.2782 -0.2 1.97
21.335 1.273 -0.2 1.97
21.355 1.265 -0.2 1.97
21.373 1.2578 -0.2 1.97
21.392 1.2502 -0.2 1.97
21.417 1.2402 -0.2 1.97
21.438 1.2318 -0.2 1.97
21.451 1.2266 -0.2 1.97
21.473 1.2178 -0.2 1.97
21.492 1.2102 -0.2 1.97
21.508 1.2038 -0.2 1.97
21.523 1.1978 -0.2 1.97
21.543 1.1898 -0.2 1.97
21.562 1.1822 -0.2 1.97
21.575 1.177 -0.2 1.97
21.59 1.171 -0.2 1.97
21.622 1.1582 -0.2 1.97
21.635 1.153 -0.2 1.97
21.657 1.1442 -0.2 1.97
21.679 1.1354 -0.2 1.97
21.695 1.129 -0.2 1.97
21.718 1.1198 -0.2 1.97
21.738 1.1118 -0.2 1.97
21.76 1.103 -0.2 1.97
21.774 1.0974 -0.2 1.97
21.789 1.0914 -0.2 1.97
21.806 1.0846 -0.2 1.97
21.819 1.0794 -0.2 1.97
21.837 1.0722 -0.2 1.97
21.854 1.0654 -0.2 1.97
21.876 1.0566 -0.2 1.97
21.891 1.0506 -0.2 1.97
21.908 1.0438 -0.2 1.97
21.923 1.0378 -0.2 1.97
21.949 1.0274 -0.2 1.97
21.976 1.0166 -0.2 1.97
21.991 1.0106 -0.2 1.97
22.009 1.0034 -0.2 1.97
22.023 0.9978 -0.2 1.97
22.044 0.9894 -0.2 1.97
22.059 0.9834 -0.2 1.97
22.077 0.9762 -0.2 1.97
22.094 0.9694 -0.2 1.97
22.112 0.9622 -0.2 1.97
22.144 0.9494 -0.2 1.97
22.161 0.9426 -0.2 1.97
22.189 0.9314 -0.2 1.97
22.208 0.9238 -0.2 1.97
22.224 0.9174 -0.2 1.97
22.235 0.913 -0.2 1.97
22.25 0.907 -0.2 1.97
22.274 0.8974 -0.2 1.97
22.305 0.885 -0.2 1.97
22.32 0.879 -0.2 1.97
22.345 0.869 -0.2 1.97
22.358 0.8638 -0.2 1.97
22.373 0.8578 -0.2 1.97
22.397 0.8482 -0.2 1.97
22.416 0.8406 -0.2 1.97
22.443 0.8298 -0.2 1.97
22.468 0.8198 -0.2 1.97
22.486 0.8126 -0.2 1.97
22.506 0.807 -0.2 1.9676
22.523 0.807 -0.2 1.9608
22.546 0.807 -0.2 1.9516
22.57 0.807 -0.2 1.942
22.584 0.807 -0.2 1.9364
22.604 0.807 -0.2 1.9284
22.628 0.807 -0.2 1.9188
22.646 0.807 -0.2 1.9116
22.665 0.807 -0.2 1.904
22.687 0.807 -0.2 1.8952
22.702 0.807 -0.2 1.8892
22.719 0.807 -0.2 1.8824
22.744 0.807 -0.2 1.8724
22.753 0.807 -0.2 1.8688
22.772 0.807 -0.2 1.8612
22.791 0.807 -0.2 1.8536
22.826 0.807 -0.2 1.8396
22.838 0.807 -0.2 1.8348
22.852 0.807 -0.2 1.8292
22.871 0.807 -0.2 1.8216
22.881 0.807 -0.2 1.8176
22.897 0.807 -0.2 1.8112
22.915 0.807 -0.2 1.804
22.941 0.807 -0.2 1.7936
22.959 0.807 -0.2 1.7864
22.975 0.807 -0.2 1.78
22.991 0.807 -0.2 1.7736
23.012 0.807 -0.2 1.7652
23.032 0.807 -0.2 1.7572
23.05 0.807 -0.2 1.75
23.076 0.807 -0.2 1.7396
23.091 0.807 -0.2 1.7336
23.109 0.807 -0.2 1.7264
23.126 0.807 -0.2 1.7196
23.141 0.807 -0.2 1.7136
23.166 0.807 -0.2 1.7036
23.19 0.807 -0.2 1.694
23.202 0.807 -0.2 1.6892
23.222 0.807 -0.2 1.6812
23.238 0.807 -0.2 1.6748
23.262 0.807 -0.2 1.6652
23.292 0.807 -0.2 1.6532
23.307 0.807 -0.2 1.6472
23.325 0.807 -0.2 1.64
23.344 0.807 -0.2 1.6324
23.372 0.807 -0.2 1.6212
23.396 0.807 -0.2 1.6116
23.409 0.807 -0.2 1.6064
23.429 0.807 -0.2 1.5984
23.446 0.807 -0.2 1.5916
23.464 0.807 -0.2 1.5844
23.478 0.807 -0.2 1.5788
23.496 0.807 -0.2 1.5716
23.518 0.807 -0.2 1.5628
23.537 0.807 -0.2 1.5552
23.556 0.807 -0.2 1.5476
23.571 0.807 -0.2 1.5416
23.583 0.807 -0.2 1.5368
23.601 0.807 -0.2 1.5296
23.611 0.807 -0.2 1.5256
23.63 0.807 -0.2 1.518
23.647 0.807 -0.2 1.5112
23.663 0.807 -0.2 1.5048
23.68 0.807 -0.2 1.498
23.698 0.807 -0.2 1.4908
23.708 0.807 -0.2 1.4868
23.721 0.807 -0.2 1.4816
23.741 0.807 -0.2 1.4736
23.754 0.807 -0.2 1.4684
23.78 0.807 -0.2 1.458
23.797 0.807 -0.2 1.4512
23.808 0.807 -0.2 1.4468
23.828 0.807 -0.2 1.4388
23.846 0.807 -0.2 1.4316
23.874 0.807 -0.2 1.4204
23.9 0.807 -0.2 1.41
23.916 0.807 -0.2 1.4036
23.939 0.807 -0.2 1.3944
23.956 0.807 -0.2 1.3876
23.977 0.807 -0.2 1.3792
23.995 0.807 -0.2 1.372
24.012 0.807 -0.2 1.3652
24.04 0.807 -0.2 1.354
24.067 0.807 -0.2 1.3432
24.086 0.807 -0.2 1.3356
24.1 0.807 -0.2 1.33
24.128 0.807 -0.2 1.3188
24.134 0.807 -0.2 1.3164
24.15 0.807 -0.2 1.31
24.16 0.807 -0.2 1.306
24.177 0.807 -0.2 1.2992
24.185 0.807 -0.2 1.296
24.201 0.807 -0.2 1.2896
24.217 0.807 -0.2 1.2832
24.234 0.807 -0.2 1.2764
24.254 0.807 -0.2 1.2684
24.278 0.807 -0.2 1.2588
24.3 0.807 -0.2 1.25
24.314 0.807 -0.2 1.2444
24.334 0.807 -0.2 1.2364
24.359 0.807 -0.2 1.2264
24.377 0.807 -0.2 1.2192
24.395 0.807 -0.2 1.212
24.41 0.807 -0.2 1.206
24.424 0.807 -0.2 1.2004
24.445 0.807 -0.2 1.192
24.457 0.807 -0.2 1.1872
24.469 0.807 -0.2 1.1824
24.485 0.807 -0.2 1.176
24.507 0.807 -0.2 1.1672
24.525 0.807 -0.2 1.16
24.542 0.807 -0.2 1.1532
24.562 0.807 -0.2 1.1452
24.579 0.807 -0.2 1.1384
24.594 0.807 -0.2 1.1324
24.604 0.807 -0.2 1.1284
24.619 0.807 -0.2 1.1224
24.635 0.807 -0.2 1.116
24.655 0.807 -0.2 1.108
24.663 0.807 -0.2 1.1048
24.679 0.807 -0.2 1.0984
24.697 0.807 -0.2 1.0912
24.715 0.807 -0.2 1.084
24.73 0.807 -0.2 1.078
24.75 0.807 -0.2 1.07
24.777 0.807 -0.2 1.0592
24.798 0.807 -0.2 1.0508
24.818 0.807 -0.2 1.0428
24.833 0.807 -0.2 1.0368
24.858 0.807 -0.2 1.0268
24.869 0.807 -0.2 1.0224
24.888 0.807 -0.2 1.0148
24.906 0.807 -0.2 1.0076
24.92 0.807 -0.2 1.002
24.948 0.807 -0.2 0.9908
24.966 0.807 -0.2 0.9836
24.986 0.807 -0.2 0.9756
25.005 0.809 -0.2 0.97
25.023 0.8162 -0.2 0.97
25.033 0.8202 -0.2 0.97
25.048 0.8262 -0.2 0.97
25.064 0.8326 -0.2 0.97
25.087 0.8418 -0.2 0.97
25.111 0.8514 -0.2 0.97
25.129 0.8586 -0.2 0.97
25.151 0.8674 -0.2 0.97
25.17 0.875 -0.2 0.97
25.191 0.8834 -0.2 0.97
25.213 0.8922 -0.2 0.97
25.23 0.899 -0.2 0.97
25.247 0.9058 -0.2 0.97
25.261 0.9114 -0.2 0.97
25.279 0.9186 -0.2 0.97
25.29 0.923 -0.2 0.97
25.304 0.9286 -0.2 0.97
25.327 0.9378 -0.2 0.97
25.339 0.9426 -0.2 0.97
25.369 0.9546 -0.2 0.97
25.39 0.963 -0.2 0.97
25.405 0.969 -0.2 0.97
25.419 0.9746 -0.2 0.97
25.436 0.9814 -0.2 0.97
25.455 0.989 -0.2 0.97
25.465 0.993 -0.2 0.97
25.482 0.9998 -0.2 0.97
25.5 1.007 -0.2 0.97
25.52 1.015 -0.2 0.97
25.535 1.021 -0.2 0.97
25.554 1.0286 -0.2 0.97
25.568 1.0342 -0.2 0.97
25.586 1.0414 -0.2 0.97
25.613 1.0522 -0.2 0.97
25.641 1.0634 -0.2 0.97
25.654 1.0686 -0.2 0.97
25.68 1.079 -0.2 0.97
25.695 1.085 -0.2 0.97
25.716 1.0934 -0.2 0.97
25.732 1.0998 -0.2 0.97
25.747 1.1058 -0.2 0.97
25.764 1.1126 -0.2 0.97
25.781 1.1194 -0.2 0.97
25.798 1.1262 -0.2 0.97
25.82 1.135 -0.2 0.97
25.834 1.1406 -0.2 0.97
25.848 1.1462 -0.2 0.97
25.866 1.1534 -0.2 0.97
25.881 1.1594 -0.2 0.97
25.892 1.1638 -0.2 0.97
25.911 1.1714 -0.2 0.97
25.924 1.1766 -0.2 0.97
25.942 1.1838 -0.2 0.97
25.961 1.1914 -0.2 0.97
25.98 1.199 -0.2 0.97
25.996 1.2054 -0.2 0.97
26.026 1.2174 -0.2 0.97
26.042 1.2238 -0.2 0.97
26.059 1.2306 -0.2 0.97
26.092 1.2438 -0.2 0.97
26.108 1.2502 -0.2 0.97
26.124 1.2566 -0.2 0.97
26.143 1.2642 -0.2 0.97
26.158 1.2702 -0.2 0.97
26.174 1.2766 -0.2 0.97
26.195 1.285 -0.2 0.97
26.211 1.2914 -0.2 0.97
26.237 1.3018 -0.2 0.97
26.255 1.309 -0.2 0.97
26.269 1.3146 -0.2 0.97
26.295 1.325 -0.2 0.97
26.314 1.3326 -0.2 0.97
26.325 1.337 -0.2 0.97
26.345 1.345 -0.2 0.97
26.364 1.3526 -0.2 0.97
26.383 1.3602 -0.2 0.97
26.398 1.3662 -0.2 0.97
26.42 1.375 -0.2 0.97
26.44 1.383 -0.2 0.97
26.466 1.3934 -0.2 0.97
26.482 1.3998 -0.2 0.97
26.5 1.407 -0.2 0.97
26.514 1.4126 -0.2 0.97
26.53 1.419 -0.2 0.97
26.54 1.423 -0.2 0.97
26.567 1.4338 -0.2 0.97
26.583 1.4402 -0.2 0.97
26.599 1.4466 -0.2 0.97
26.616 1.4534 -0.2 0.97
26.633 1.4602 -0.2 0.97
26.651 1.4674 -0.2 0.97
26.668 1.4742 -0.2 0.97
26.688 1.4822 -0.2 0.97
26.706 1.4894 -0.2 0.97
26.724 1.4966 -0.2 0.97
26.745 1.505 -0.2 0.97
26.767 1.5138 -0.2 0.97
26.784 1.5206 -0.2 0.97
26.799 1.5266 -0.2 0.97
26.818 1.5342 -0.2 0.97
26.837 1.5418 -0.2 0.97
26.866 1.5534 -0.2 0.97
26.885 1.561 -0.2 0.97
26.906 1.5694 -0.2 0.97
26.922 1.5758 -0.2 0.97
26.935 1.581 -0.2 0.97
26.95 1.587 -0.2 0.97
26.967 1.5938 -0.2 0.97
26.982 1.5998 -0.2 0.97
27.003 1.6082 -0.2 0.97
27.02 1.615 -0.2 0.97
27.045 1.625 -0.2 0.97
27.067 1.6338 -0.2 0.97
27.084 1.6406 -0.2 0.97
27.1 1.647 -0.2 0.97
27.111 1.6514 -0.2 0.97
27.125 1.657 -0.2 0.97
27.144 1.6646 -0.2 0.97
27.166 1.6734 -0.2 0.97
27.178 1.6782 -0.2 0.97
27.197 1.6858 -0.2 0.97
27.219 1.6946 -0.2 0.97
27.244 1.7046 -0.2 0.97
27.264 1.7126 -0.2 0.97
27.279 1.7186 -0.2 0.97
27.299 1.7266 -0.2 0.97
27.317 1.7338 -0.2 0.97
27.337 1.7418 -0.2 0.97
27.351 1.7474 -0.2 0.97
27.368 1.7542 -0.2 0.97
27.382 1.7598 -0.2 0.97
27.392 1.7638 -0.2 0.97
27.412 1.7718 -0.2 0.97
27.423 1.7762 -0.2 0.97
27.435 1.781 -0.2 0.97
27.451 1.7874 -0.2 0.97
27.461 1.7914 -0.2 0.97
27.486 1.8014 -0.2 0.97
27.498 1.8062 -0.2 0.97
27.516 1.807 -0.2 0.9764
27.533 1.807 -0.2 0.9832
27.551 1.807 -0.2 0.9904
27.565 1.807 -0.2 0.996
27.58 1.807 -0.2 1.002
27.595 1.807 -0.2 1.008
27.616 1.807 -0.2 1.0164
27.641 1.807 -0.2 1.0264
27.659 1.807 -0.2 1.0336
27.678 1.807 -0.2 1.0412
27.693 1.807 -0.2 1.0472
27.71 1.807 -0.2 1.054
27.726 1.807 -0.2 1.0604
27.747 1.807 -0.2 1.0688
27.766 1.807 -0.2 1.0764
27.774 1.807 -0.2 1.0796
27.791 1.807 -0.2 1.0864
27.81 1.807 -0.2 1.094
27.821 1.807 -0.2 1.0984
27.835 1.807 -0.2 1.104
27.852 1.807 -0.2 1.1108
27.861 1.807 -0.2 1.1144
27.873 1.807 -0.2 1.1192
27.884 1.807 -0.2 1.1236
27.903 1.807 -0.2 1.1312
27.916 1.807 -0.2 1.1364
27.929 1.807 -0.2 1.1416
27.943 1.807 -0.2 1.1472
27.967 1.807 -0.2 1.1568
27.988 1.807 -0.2 1.1652
28.009 1.807 -0.2 1.1736
28.029 1.807 -0.2 1.1816
28.049 1.807 -0.2 1.1896
28.065 1.807 -0.2 1.196
28.095 1.807 -0.2 1.208
28.106 1.807 -0.2 1.2124
28.128 1.807 -0.2 1.2212
28.14 1.807 -0.2 1.226
28.159 1.807 -0.2 1.2336
28.182 1.807 -0.2 1.2428
28.199 1.807 -0.2 1.2496
28.22 1.807 -0.2 1.258
28.241 1.807 -0.2 1.2664
28.256 1.807 -0.2 1.2724
28.271 1.807 -0.2 1.2784
28.292 1.807 -0.2 1.2868
28.306 1.807 -0.2 1.2924
28.327 1.807 -0.2 1.3008
28.344 1.807 -0.2 1.3076
28.362 1.807 -0.2 1.3148
28.378 1.807 -0.2 1.3212
28.404 1.807 -0.2 1.3316
28.422 1.807 -0.2 1.3388
28.435 1.807 -0.2 1.344
28.448 1.807 -0.2 1.3492
28.463 1.807 -0.2 1.3552
28.481 1.807 -0.2 1.3624
28.494 1.807 -0.2 1.3676
28.513 1.807 -0.2 1.3752
28.529 1.807 -0.2 1.3816
28.551 1.807 -0.2 1.3904
28.566 1.807 -0.2 1.3964
28.58 1.807 -0.2 1.402
28.595 1.807 -0.2 1.408
28.617 1.807 -0.2 1.4168
28.639 1.807 -0.2 1.4256
28.658 1.807 -0.2 1.4332
28.684 1.807 -0.2 1.4436
28.697 1.807 -0.2 1.4488
28.71 1.807 -0.2 1.454
28.728 1.807 -0.2 1.4612
28.742 1.807 -0.2 1.4668
28.764 1.807 -0.2 1.4756
28.78 1.807 -0.2 1.482
28.799 1.807 -0.2 1.4896
28.821 1.807 -0.2 1.4984
28.851 1.807 -0.2 1.5104
28.875 1.807 -0.2 1.52
28.889 1.807 -0.2 1.5256
28.912 1.807 -0.2 1.5348
28.92 1.807 -0.2 1.538
28.931 1.807 -0.2 1.5424
28.951 1.807 -0.2 1.5504
28.974 1.807 -0.2 1.5596
28.997 1.807 -0.2 1.5688
29.019 1.807 -0.2 1.5776
29.033 1.807 -0.2 1.5832
29.05 1.807 -0.2 1.59
29.068 1.807 -0.2 1.5972
29.08 1.807 -0.2 1.602
29.096 1.807 -0.2 1.6084
29.115 1.807 -0.2 1.616
29.136 1.807 -0.2 1.6244
29.157 1.807 -0.2 1.6328
29.183 1.807 -0.2 1.6432
29.202 1.807 -0.2 1.6508
29.214 1.807 -0.2 1.6556
29.234 1.807 -0.2 1.6636
29.243 1.807 -0.2 1.6672
29.256 1.807 -0.2 1.6724
29.282 1.807 -0.2 1.6828
29.299 1.807 -0.2 1.6896
29.319 1.807 -0.2 1.6976
29.341 1.807 -0.2 1.7064
29.35 1.807 -0.2 1.71
29.381 1.807 -0.2 1.7224
29.394 1.807 -0.2 1.7276
29.411 1.807 -0.2 1.7344
29.429 1.807 -0.2 1.7416
29.447 1.807 -0.2 1.7488
29.467 1.807 -0.2 1.7568
29.476 1.807 -0.2 1.7604
29.494 1.807 -0.2 1.7676
29.513 1.807 -0.2 1.7752
29.536 1.807 -0.2 1.7844
29.551 1.807 -0.2 1.7904
29.573 1.807 -0.2 1.7992
29.59 1.807 -0.2 1.806
29.608 1.807 -0.2 1.8132
29.626 1.807 -0.2 1.8204
29.645 1.807 -0.2 1.828
29.664 1.807 -0.2 1.8356
29.679 1.807 -0.2 1.8416
29.695 1.807 -0.2 1.848
29.71 1.807 -0.2 1.854
29.729 1.807 -0.2 1.8616
29.746 1.807 -0.2 1.8684
29.762 1.807 -0.2 1.8748
29.778 1.807 -0.2 1.8812
29.79 1.807 -0.2 1.886
29.803 1.807 -0.2 1.8912
29.817 1.807 -0.2 1.8968
29.838 1.807 -0.2 1.9052
29.852 1.807 -0.2 1.9108
29.872 1.807 -0.2 1.9188
29.894 1.807 -0.2 1.9276
29.919 1.807 -0.2 1.9376
29.941 1.807 -0.2 1.9464
29.968 1.807 -0.2 1.9572
29.982 1.807 -0.2 1.9628
29.997 1.807 -0.2 1.9688
30.012 1.8022 -0.2 1.97
30.028 1.7958 -0.2 1.97
30.039 1.7914 -0.2 1.97
30.053 1.7858 -0.2 1.97
30.074 1.7774 -0.2 1.97
30.09 1.771 -0.2 1.97
30.109 1.7634 -0.2 1.97
30.129 1.7554 -0.2 1.97
30.153 1.7458 -0.2 1.97
30.176 1.7366 -0.2 1.97
30.19 1.731 -0.2 1.97
30.211 1.7226 -0.2 1.97
30.228 1.7158 -0.2 1.97
30.241 1.7106 -0.2 1.97
30.255 1.705 -0.2 1.97
30.274 1.6974 -0.2 1.97
30.292 1.6902 -0.2 1.97
30.31 1.683 -0.2 1.97
30.337 1.6722 -0.2 1.97
30.352 1.6662 -0.2 1.97
30.38 1.655 -0.2 1.97
30.403 1.6458 -0.2 1.97
30.425 1.637 -0.2 1.97
30.45 1.627 -0.2 1.97
30.471 1.6186 -0.2 1.97
30.49 1.611 -0.2 1.97
30.507 1.6042 -0.2 1.97
30.521 1.5986 -0.2 1.97
30.53 1.595 -0.2 1.97
30.545 1.589 -0.2 1.97
30.566 1.5806 -0.2 1.97
30.581 1.5746 -0.2 1.97
30.599 1.5674 -0.2 1.97
30.62 1.559 -0.2 1.97
30.644 1.5494 -0.2 1.97
30.663 1.5418 -0.2 1.97
30.675 1.537 -0.2 1.97
30.693 1.5298 -0.2 1.97
30.716 1.5206 -0.2 1.97
30.73 1.515 -0.2 1.97
30.743 1.5098 -0.2 1.97
30.761 1.5026 -0.2 1.97
30.785 1.493 -0.2 1.97
30.801 1.4866 -0.2 1.97
30.821 1.4786 -0.2 1.97
30.839 1.4714 -0.2 1.97
30.868 1.4598 -0.2 1.97
30.894 1.4494 -0.2 1.97
30.916 1.4406 -0.2 1.97
30.929 1.4354 -0.2 1.97
30.947 1.4282 -0.2 1.97
30.962 1.4222 -0.2 1.97
30.979 1.4154 -0.2 1.97
30.997 1.4082 -0.2 1.97
31.018 1.3998 -0.2 1.97
31.029 1.3954 -0.2 1.97
31.036 1.3926 -0.2 1.97
31.053 1.3858 -0.2 1.97
31.071 1.3786 -0.2 1.97
31.09 1.371 -0.2 1.97
31.117 1.3602 -0.2 1.97
31.138 1.3518 -0.2 1.97
31.164 1.3414 -0.2 1.97
31.186 1.3326 -0.2 1.97
31.211 1.3226 -0.2 1.97
31.229 1.3154 -0.2 1.97
31.242 1.3102 -0.2 1.97
31.259 1.3034 -0.2 1.97
31.273 1.2978 -0.2 1.97
31.293 1.2898 -0.2 1.97
31.306 1.2846 -0.2 1.97
31.32 1.279 -0.2 1.97
31.335 1.273 -0.2 1.97
31.354 1.2654 -0.2 1.97
31.374 1.2574 -0.2 1.97
31.385 1.253 -0.2 1.97
31.4 1.247 -0.2 1.97
31.425 1.237 -0.2 1.97
31.435 1.233 -0.2 1.97
31.446 1.2286 -0.2 1.97
31.459 1.2234 -0.2 1.97
31.48 1.215 -0.2 1.97
31.496 1.2086 -0.2 1.97
31.517 1.2002 -0.2 1.97
31.537 1.1922 -0.2 1.97
31.549 1.1874 -0.2 1.97
31.572 1.1782 -0.2 1.97
31.583 1.1738 -0.2 1.97
31.6 1.167 -0.2 1.97
31.615 1.161 -0.2 1.97
31.631 1.1546 -0.2 1.97
31.655 1.145 -0.2 1.97
31.668 1.1398 -0.2 1.97
31.686 1.1326 -0.2 1.97
31.705 1.125 -0.2 1.97
31.734 1.1134 -0.2 1.97
31.75 1.107 -0.2 1.97
31.767 1.1002 -0.2 1.97
31.791 1.0906 -0.2 1.97
31.814 1.0814 -0.2 1.97
31.837 1.0722 -0.2 1.97
31.855 1.065 -0.2 1.97
31.869 1.0594 -0.2 1.97
31.89 1.051 -0.2 1.97
31.901 1.0466 -0.2 1.97
31.916 1.0406 -0.2 1.97
31.933 1.0338 -0.2 1.97
31.949 1.0274 -0.2 1.97
31.968 1.0198 -0.2 1.97
31.976 1.0166 -0.2 1.97
31.998 1.0078 -0.2 1.97
32.011 1.0026 -0.2 1.97
32.027 0.9962 -0.2 1.97
32.048 0.9878 -0.2 1.97
32.059 0.9834 -0.2 1.97
32.074 0.9774 -0.2 1.97
32.089 0.9714 -0.2 1.97
32.104 0.9654 -0.2 1.97
32.121 0.9586 -0.2 1.97
32.136 0.9526 -0.2 1.97
32.153 0.9458 -0.2 1.97
32.168 0.9398 -0.2 1.97
32.185 0.933 -0.2 1.97
32.202 0.9262 -0.2 1.97
32.223 0.9178 -0.2 1.97
32.235 0.913 -0.2 1.97
32.258 0.9038 -0.2 1.97
32.27 0.899 -0.2 1.97
32.291 0.8906 -0.2 1.97
32.305 0.885 -0.2 1.97
32.328 0.8758 -0.2 1.97
32.35 0.867 -0.2 1.97
32.367 0.8602 -0.2 1.97
32.388 0.8518 -0.2 1.97
32.404 0.8454 -0.2 1.97
32.422 0.8382 -0.2 1.97
32.442 0.8302 -0.2 1.97
32.461 0.8226 -0.2 1.97
32.484 0.8134 -0.2 1.97
32.512 0.807 -0.2 1.9652
32.527 0.807 -0.2 1.9592
32.551 0.807 -0.2 1.9496
32.579 0.807 -0.2 1.9384
32.6 0.807 -0.2 1.93
32.619 0.807 -0.2 1.9224
32.637 0.807 -0.2 1.9152
32.653 0.807 -0.2 1.9088
32.678 0.807 -0.2 1.8988
32.706 0.807 -0.2 1.8876
32.726 0.807 -0.2 1.8796
32.745 0.807 -0.2 1.872
32.758 0.807 -0.2 1.8668
32.778 0.807 -0.2 1.8588
32.795 0.807 -0.2 1.852
32.81 0.807 -0.2 1.846
32.829 0.807 -0.2 1.8384
32.857 0.807 -0.2 1.8272
32.878 0.807 -0.2 1.8188
32.889 0.807 -0.2 1.8144
32.903 0.807 -0.2 1.8088
32.916 0.807 -0.2 1.8036
32.93 0.807 -0.2 1.798
32.943 0.807 -0.2 1.7928
32.967 0.807 -0.2 1.7832
32.982 0.807 -0.2 1.7772
33.001 0.807 -0.2 1.7696
33.024 0.807 -0.2 1.7604
33.052 0.807 -0.2 1.7492
33.074 0.807 -0.2 1.7404
33.102 0.807 -0.2 1.7292
33.135 0.807 -0.2 1.716
33.154 0.807 -0.2 1.7084
33.182 0.807 -0.2 1.6972
33.209 0.807 -0.2 1.6864
33.231 0.807 -0.2 1.6776
33.246 0.807 -0.2 1.6716
33.265 0.807 -0.2 1.664
33.279 0.807 -0.2 1.6584
33.291 0.807 -0.2 1.6536
33.313 0.807 -0.2 1.6448
33.335 0.807 -0.2 1.636
33.356 0.807 -0.2 1.6276
33.376 0.807 -0.2 1.6196
33.396 0.807 -0.2 1.6116
33.408 0.807 -0.2 1.6068
33.418 0.807 -0.2 1.6028
33.429 0.807 -0.2 1.5984
33.447 0.807 -0.2 1.5912
33.462 0.807 -0.2 1.5852
33.478 0.807 -0.2 1.5788
33.504 0.807 -0.2 1.5684
33.528 0.807 -0.2 1.5588
33.544 0.807 -0.2 1.5524
33.559 0.807 -0.2 1.5464
33.58 0.807 -0.2 1.538
33.599 0.807 -0.2 1.5304
33.611 0.807 -0.2 1.5256
33.636 0.807 -0.2 1.5156
33.653 0.807 -0.2 1.5088
33.669 0.807 -0.2 1.5024
33.692 0.807 -0.2 1.4932
33.713 0.807 -0.2 1.4848
33.733 0.807 -0.2 1.4768
33.749 0.807 -0.2 1.4704
33.768 0.807 -0.2 1.4628
33.787 0.807 -0.2 1.4552
33.812 0.807 -0.2 1.4452
33.834 0.807 -0.2 1.4364
33.855 0.807 -0.2 1.428
33.879 0.807 -0.2 1.4184
33.9 0.807 -0.2 1.41
33.925 0.807 -0.2 1.4
33.944 0.807 -0.2 1.3924
33.964 0.807 -0.2 1.3844
33.978 0.807 -0.2 1.3788
34.006 0.807 -0.2 1.3676
34.031 0.807 -0.2 1.3576
34.043 0.807 -0.2 1.3528
34.071 0.807 -0.2 1.3416
34.089 0.807 -0.2 1.3344
34.105 0.807 -0.2 1.328
34.122 0.807 -0.2 1.3212
34.138 0.807 -0.2 1.3148
34.155 0.807 -0.2 1.308
34.171 0.807 -0.2 1.3016
34.189 0.807 -0.2 1.2944
34.21 0.807 -0.2 1.286
34.23 0.807 -0.2 1.278
34.248 0.807 -0.2 1.2708
34.271 0.807 -0.2 1.2616
34.284 0.807 -0.2 1.2564
34.302 0.807 -0.2 1.2492
34.321 0.807 -0.2 1.2416
34.334 0.807 -0.2 1.2364
34.356 0.807 -0.2 1.2276
34.37 0.807 -0.2 1.222
34.387 0.807 -0.2 1.2152
34.412 0.807 -0.2 1.2052
34.434 0.807 -0.2 1.1964
34.455 0.807 -0.2 1.188
34.472 0.807 -0.2 1.1812
34.491 0.807 -0.2 1.1736
34.515 0.807 -0.2 1.164
34.536 0.807 -0.2 1.1556
34.552 0.807 -0.2 1.1492
34.575 0.807 -0.2 1.14
34.594 0.807 -0.2 1.1324
34.613 0.807 -0.2 1.1248
34.632 0.807 -0.2 1.1172
34.648 0.807 -0.2 1.1108
34.664 0.807 -0.2 1.1044
34.683 0.807 -0.2 1.0968
34.703 0.807 -0.2 1.0888
34.721 0.807 -0.2 1.0816
34.75 0.807 -0.2 1.07
34.767 0.807 -0.2 1.0632
34.788 0.807 -0.2 1.0548
34.809 0.807 -0.2 1.0464
34.83 0.807 -0.2 1.038
34.859 0.807 -0.2 1.0264
34.884 0.807 -0.2 1.0164
34.907 0.807 -0.2 1.0072
34.925 0.807 -0.2 1
34.949 0.807 -0.2 0.9904
34.961 0.807 -0.2 0.9856
34.973 0.807 -0.2 0.9808
34.992 0.807 -0.2 0.9732
35.014 0.8126 -0.2 0.97
35.046 0.8254 -0.2 0.97
35.066 0.8334 -0.2 0.97
35.103 0.8482 -0.2 0.97
35.122 0.8558 -0.2 0.97
35.143 0.8642 -0.2 0.97
35.16 0.871 -0.2 0.97
35.176 0.8774 -0.2 0.97
35.196 0.8854 -0.2 0.97
35.219 0.8946 -0.2 0.97
35.236 0.9014 -0.2 0.97
35.26 0.911 -0.2 0.97
35.285 0.921 -0.2 0.97
35.31 0.931 -0.2 0.97
35.329 0.9386 -0.2 0.97
35.345 0.945 -0.2 0.97
35.369 0.9546 -0.2 0.97
35.384 0.9606 -0.2 0.97
35.4 0.967 -0.2 0.97
35.427 0.9778 -0.2 0.97
35.451 0.9874 -0.2 0.97
35.472 0.9958 -0.2 0.97
35.493 1.0042 -0.2 0.97
35.508 1.0102 -0.2 0.97
35.529 1.0186 -0.2 0.97
35.56 1.031 -0.2 0.97
35.573 1.0362 -0.2 0.97
35.592 1.0438 -0.2 0.97
35.606 1.0494 -0.2 0.97
35.622 1.0558 -0.2 0.97
35.646 1.0654 -0.2 0.97
35.665 1.073 -0.2 0.97
35.688 1.0822 -0.2 0.97
35.711 1.0914 -0.2 0.97
35.735 1.101 -0.2 0.97
35.752 1.1078 -0.2 0.97
35.776 1.1174 -0.2 0.97
35.798 1.1262 -0.2 0.97
35.825 1.137 -0.2 0.97
35.843 1.1442 -0.2 0.97
35.865 1.153 -0.2 0.97
35.876 1.1574 -0.2 0.97
35.901 1.1674 -0.2 0.97
35.921 1.1754 -0.2 0.97
35.94 1.183 -0.2 0.97
35.954 1.1886 -0.2 0.97
35.976 1.1974 -0.2 0.97
35.996 1.2054 -0.2 0.97
36.021 1.2154 -0.2 0.97
36.038 1.2222 -0.2 0.97
36.056 1.2294 -0.2 0.97
36.072 1.2358 -0.2 0.97
36.1 1.247 -0.2 0.97
36.118 1.2542 -0.2 0.97
36.135 1.261 -0.2 0.97
36.158 1.2702 -0.2 0.97
36.173 1.2762 -0.2 0.97
36.188 1.2822 -0.2 0.97
36.211 1.2914 -0.2 0.97
36.234 1.3006 -0.2 0.97
36.262 1.3118 -0.2 0.97
36.279 1.3186 -0.2 0.97
36.302 1.3278 -0.2 0.97
36.315 1.333 -0.2 0.97
36.332 1.3398 -0.2 0.97
36.353 1.3482 -0.2 0.97
36.367 1.3538 -0.2 0.97
36.389 1.3626 -0.2 0.97
36.408 1.3702 -0.2 0.97
36.429 1.3786 -0.2 0.97
36.441 1.3834 -0.2 0.97
36.463 1.3922 -0.2 0.97
36.488 1.4022 -0.2 0.97
36.509 1.4106 -0.2 0.97
36.523 1.4162 -0.2 0.97
36.552 1.4278 -0.2 0.97
36.568 1.4342 -0.2 0.97
36.587 1.4418 -0.2 0.97
36.605 1.449 -0.2 0.97
36.626 1.4574 -0.2 0.97
36.643 1.4642 -0.2 0.97
36.659 1.4706 -0.2 0.97
36.679 1.4786 -0.2 0.97
36.696 1.4854 -0.2 0.97
36.715 1.493 -0.2 0.97
36.74 1.503 -0.2 0.97
36.766 1.5134 -0.2 0.97
36.789 1.5226 -0.2 0.97
36.809 1.5306 -0.2 0.97
36.826 1.5374 -0.2 0.97
36.844 1.5446 -0.2 0.97
36.86 1.551 -0.2 0.97
36.882 1.5598 -0.2 0.97
36.9 1.567 -0.2 0.97
36.921 1.5754 -0.2 0.97
36.943 1.5842 -0.2 0.97
36.959 1.5906 -0.2 0.97
36.974 1.5966 -0.2 0.97
36.999 1.6066 -0.2 0.97
37.014 1.6126 -0.2 0.97
37.038 1.6222 -0.2 0.97
37.056 1.6294 -0.2 0.97
37.067 1.6338 -0.2 0.97
37.087 1.6418 -0.2 0.97
37.109 1.6506 -0.2 0.97
37.132 1.6598 -0.2 0.97
37.145 1.665 -0.2 0.97
37.165 1.673 -0.2 0.97
37.183 1.6802 -0.2 0.97
37.208 1.6902 -0.2 0.97
37.222 1.6958 -0.2 0.97
37.24 1.703 -0.2 0.97
37.261 1.7114 -0.2 0.97
37.281 1.7194 -0.2 0.97
37.303 1.7282 -0.2 0.97
37.328 1.7382 -0.2 0.97
37.341 1.7434 -0.2 0.97
37.368 1.7542 -0.2 0.97
37.387 1.7618 -0.2 0.97
37.409 1.7706 -0.2 0.97
37.426 1.7774 -0.2 0.97
37.444 1.7846 -0.2 0.97
37.46 1.791 -0.2 0.97
37.481 1.7994 -0.2 0.97
37.513 1.807 -0.2 0.9752
37.54 1.807 -0.2 0.986
37.559 1.807 -0.2 0.9936
37.579 1.807 -0.2 1.0016
37.599 1.807 -0.2 1.0096
37.623 1.807 -0.2 1.0192
37.649 1.807 -0.2 1.0296
37.662 1.807 -0.2 1.0348
37.685 1.807 -0.2 1.044
37.705 1.807 -0.2 1.052
37.716 1.807 -0.2 1.0564
37.729 1.807 -0.2 1.0616
37.746 1.807 -0.2 1.0684
37.764 1.807 -0.2 1.0756
37.785 1.807 -0.2 1.084
37.814 1.807 -0.2 1.0956
37.827 1.807 -0.2 1.1008
37.852 1.807 -0.2 1.1108
37.868 1.807 -0.2 1.1172
37.887 1.807 -0.2 1.1248
37.904 1.807 -0.2 1.1316
37.935 1.807 -0.2 1.144
37.948 1.807 -0.2 1.1492
37.964 1.807 -0.2 1.1556
37.984 1.807 -0.2 1.1636
37.998 1.807 -0.2 1.1692
38.019 1.807 -0.2 1.1776
38.047 1.807 -0.2 1.1888
38.07 1.807 -0.2 1.198
38.087 1.807 -0.2 1.2048
38.118 1.807 -0.2 1.2172
38.14 1.807 -0.2 1.226
38.166 1.807 -0.2 1.2364
38.185 1.807 -0.2 1.244
38.209 1.807 -0.2 1.2536
38.224 1.807 -0.2 1.2596
38.245 1.807 -0.2 1.268
38.265 1.807 -0.2 1.276
38.282 1.807 -0.2 1.2828
38.305 1.807 -0.2 1.292
38.325 1.807 -0.2 1.3
38.337 1.807 -0.2 1.3048
38.354 1.807 -0.2 1.3116
38.383 1.807 -0.2 1.3232
38.396 1.807 -0.2 1.3284
38.408 1.807 -0.2 1.3332
38.431 1.807 -0.2 1.3424
38.46 1.807 -0.2 1.354
38.478 1.807 -0.2 1.3612
38.494 1.807 -0.2 1.3676
38.526 1.807 -0.2 1.3804
38.546 1.807 -0.2 1.3884
38.574 1.807 -0.2 1.3996
38.6 1.807 -0.2 1.41
38.618 1.807 -0.2 1.4172
38.64 1.807 -0.2 1.426
38.657 1.807 -0.2 1.4328
38.687 1.807 -0.2 1.4448
38.707 1.807 -0.2 1.4528
38.724 1.807 -0.2 1.4596
38.75 1.807 -0.2 1.47
38.763 1.807 -0.2 1.4752
38.781 1.807 -0.2 1.4824
38.804 1.807 -0.2 1.4916
38.824 1.807 -0.2 1.4996
38.847 1.807 -0.2 1.5088
38.86 1.807 -0.2 1.514
38.881 1.807 -0.2 1.5224
38.901 1.807 -0.2 1.5304
38.915 1.807 -0.2 1.536
38.935 1.807 -0.2 1.544
38.953 1.807 -0.2 1.5512
38.966 1.807 -0.2 1.5564
38.987 1.807 -0.2 1.5648
39.008 1.807 -0.2 1.5732
39.025 1.807 -0.2 1.58
39.051 1.807 -0.2 1.5904
39.066 1.807 -0.2 1.5964
39.084 1.807 -0.2 1.6036
39.105 1.807 -0.2 1.612
39.124 1.807 -0.2 1.6196
39.153 1.807 -0.2 1.6312
39.174 1.807 -0.2 1.6396
39.194 1.807 -0.2 1.6476
39.228 1.807 -0.2 1.6612
39.248 1.807 -0.2 1.6692
39.272 1.807 -0.2 1.6788
39.289 1.807 -0.2 1.6856
39.31 1.807 -0.2 1.694
39.322 1.807 -0.2 1.6988
39.337 1.807 -0.2 1.7048
39.351 1.807 -0.2 1.7104
39.365 1.807 -0.2 1.716
39.39 1.807 -0.2 1.726
39.415 1.807 -0.2 1.736
39.436 1.807 -0.2 1.7444
39.456 1.807 -0.2 1.7524
39.473 1.807 -0.2 1.7592
39.488 1.807 -0.2 1.7652
39.524 1.807 -0.2 1.7796
39.542 1.807 -0.2 1.7868
39.563 1.807 -0.2 1.7952
39.58 1.807 -0.2 1.802
39.6 1.807 -0.2 1.81
39.622 1.807 -0.2 1.8188
39.65 1.807 -0.2 1.83
39.664 1.807 -0.2 1.8356
39.68 1.807 -0.2 1.842
39.703 1.807 -0.2 1.8512
39.736 1.807 -0.2 1.8644
39.754 1.807 -0.2 1.8716
39.776 1.807 -0.2 1.8804
39.797 1.807 -0.2 1.8888
39.808 1.807 -0.2 1.8932
39.827 1.807 -0.2 1.9008
39.845 1.807 -0.2 1.908
39.861 1.807 -0.2 1.9144
39.875 1.807 -0.2 1.92
39.896 1.807 -0.2 1.9284
39.915 1.807 -0.2 1.936
39.931 1.807 -0.2 1.9424
39.949 1.807 -0.2 1.9496
39.966 1.807 -0.2 1.9564
39.982 1.807 -0.2 1.9628
39.988 1.807 -0.2 1.9652
40.001 1.8066 -0.2 1.97
40.023 1.7978 -0.2 1.97
40.038 1.7918 -0.2 1.97
40.052 1.7862 -0.2 1.97
40.071 1.7786 -0.2 1.97
40.092 1.7702 -0.2 1.97
40.106 1.7646 -0.2 1.97
40.126 1.7566 -0.2 1.97
40.162 1.7422 -0.2 1.97
40.18 1.735 -0.2 1.97
40.199 1.7274 -0.2 1.97
40.222 1.7182 -0.2 1.97
40.24 1.711 -0.2 1.97
40.261 1.7026 -0.2 1.97
40.28 1.695 -0.2 1.97
40.303 1.6858 -0.2 1.97
40.319 1.6794 -0.2 1.97
40.34 1.671 -0.2 1.97
40.355 1.665 -0.2 1.97
40.37 1.659 -0.2 1.97
40.388 1.6518 -0.2 1.97
40.405 1.645 -0.2 1.97
40.425 1.637 -0.2 1.97
40.447 1.6282 -0.2 1.97
40.471 1.6186 -0.2 1.97
40.491 1.6106 -0.2 1.97
40.516 1.6006 -0.2 1.97
40.538 1.5918 -0.2 1.97
40.56 1.583 -0.2 1.97
40.578 1.5758 -0.2 1.97
40.596 1.5686 -0.2 1.97
40.608 1.5638 -0.2 1.97
40.625 1.557 -0.2 1.97
40.642 1.5502 -0.2 1.97
40.668 1.5398 -0.2 1.97
40.686 1.5326 -0.2 1.97
40.708 1.5238 -0.2 1.97
40.728 1.5158 -0.2 1.97
40.756 1.5046 -0.2 1.97
40.778 1.4958 -0.2 1.97
40.798 1.4878 -0.2 1.97
40.82 1.479 -0.2 1.97
40.843 1.4698 -0.2 1.97
40.859 1.4634 -0.2 1.97
40.865 1.461 -0.2 1.97
