0.007 1.8042 -0.2 1.97
0.04 1.791 -0.2 1.97
0.068 1.7798 -0.2 1.97
0.096 1.7686 -0.2 1.97
0.116 1.7606 -0.2 1.97
0.209 1.7234 -0.2 1.97
0.222 1.7182 -0.2 1.97
0.23 1.715 -0.2 1.97
0.244 1.7094 -0.2 1.97
0.255 1.705 -0.2 1.97
0.278 1.6958 -0.2 1.97
0.297 1.6882 -0.2 1.97
0.387 1.6522 -0.2 1.97
0.402 1.6462 -0.2 1.97
0.415 1.641 -0.2 1.97
0.435 1.633 -0.2 1.97
0.452 1.6262 -0.2 1.97
0.467 1.6202 -0.2 1.97
0.485 1.613 -0.2 1.97
0.567 1.5802 -0.2 1.97
0.582 1.5742 -0.2 1.97
0.6 1.567 -0.2 1.97
0.621 1.5586 -0.2 1.97
0.636 1.5526 -0.2 1.97
0.657 1.5442 -0.2 1.97
0.673 1.5378 -0.2 1.97
0.746 1.5086 -0.2 1.97
0.761 1.5026 -0.2 1.97
0.784 1.4934 -0.2 1.97
0.804 1.4854 -0.2 1.97
0.819 1.4794 -0.2 1.97
0.835 1.473 -0.2 1.97
0.848 1.4678 -0.2 1.97
0.923 1.4378 -0.2 1.97
0.939 1.4314 -0.2 1.97
0.952 1.4262 -0.2 1.97
0.968 1.4198 -0.2 1.97
0.982 1.4142 -0.2 1.97
0.999 1.4074 -0.2 1.97
1.016 1.4006 -0.2 1.97
1.032 1.3942 -0.2 1.97
1.114 1.3614 -0.2 1.97
1.126 1.3566 -0.2 1.97
1.138 1.3518 -0.2 1.97
1.145 1.349 -0.2 1.97
1.156 1.3446 -0.2 1.97
1.173 1.3378 -0.2 1.97
1.188 1.3318 -0.2 1.97
1.206 1.3246 -0.2 1.97
1.215 1.321 -0.2 1.97
1.298 1.2878 -0.2 1.97
1.313 1.2818 -0.2 1.97
1.332 1.2742 -0.2 1.97
1.356 1.2646 -0.2 1.97
1.369 1.2594 -0.2 1.97
1.389 1.2514 -0.2 1.97
1.403 1.2458 -0.2 1.97
1.493 1.2098 -0.2 1.97
1.512 1.2022 -0.2 1.97
1.53 1.195 -0.2 1.97
1.547 1.1882 -0.2 1.97
1.569 1.1794 -0.2 1.97
1.586 1.1726 -0.2 1.97
1.675 1.137 -0.2 1.97
1.693 1.1298 -0.2 1.97
1.711 1.1226 -0.2 1.97
1.727 1.1162 -0.2 1.97
1.745 1.109 -0.2 1.97
1.76 1.103 -0.2 1.97
1.788 1.0918 -0.2 1.97
1.858 1.0638 -0.2 1.97
1.869 1.0594 -0.2 1.97
1.89 1.051 -0.2 1.97
1.908 1.0438 -0.2 1.97
1.92 1.039 -0.2 1.97
1.943 1.0298 -0.2 1.97
1.96 1.023 -0.2 1.97
2.038 0.9918 -0.2 1.97
2.061 0.9826 -0.2 1.97
2.086 0.9726 -0.2 1.97
2.112 0.9622 -0.2 1.97
2.126 0.9566 -0.2 1.97
2.147 0.9482 -0.2 1.97
2.237 0.9122 -0.2 1.97
2.252 0.9062 -0.2 1.97
2.271 0.8986 -0.2 1.97
2.278 0.8958 -0.2 1.97
2.293 0.8898 -0.2 1.97
2.308 0.8838 -0.2 1.97
2.329 0.8754 -0.2 1.97
2.417 0.8402 -0.2 1.97
2.431 0.8346 -0.2 1.97
2.453 0.8258 -0.2 1.97
2.471 0.8186 -0.2 1.97
2.49 0.811 -0.2 1.97
2.5 0.807 -0.2 1.97
2.52 0.807 -0.2 1.962
2.603 0.807 -0.2 1.9288
2.624 0.807 -0.2 1.9204
2.637 0.807 -0.2 1.9152
2.654 0.807 -0.2 1.9084
2.673 0.807 -0.2 1.9008
2.688 0.807 -0.2 1.8948
2.705 0.807 -0.2 1.888
2.785 0.807 -0.2 1.856
2.802 0.807 -0.2 1.8492
2.819 0.807 -0.2 1.8424
2.86 0.807 -0.2 1.826
2.896 0.807 -0.2 1.8116
2.984 0.807 -0.2 1.7764
2.996 0.807 -0.2 1.7716
3.011 0.807 -0.2 1.7656
3.021 0.807 -0.2 1.7616
3.038 0.807 -0.2 1.7548
3.055 0.807 -0.2 1.748
3.072 0.807 -0.2 1.7412
3.089 0.807 -0.2 1.7344
3.179 0.807 -0.2 1.6984
3.202 0.807 -0.2 1.6892
3.214 0.807 -0.2 1.6844
3.232 0.807 -0.2 1.6772
3.251 0.807 -0.2 1.6696
3.264 0.807 -0.2 1.6644
3.28 0.807 -0.2 1.658
3.381 0.807 -0.2 1.6176
3.392 0.807 -0.2 1.6132
3.415 0.807 -0.2 1.604
3.433 0.807 -0.2 1.5968
3.448 0.807 -0.2 1.5908
3.472 0.807 -0.2 1.5812
3.559 0.807 -0.2 1.5464
3.569 0.807 -0.2 1.5424
3.588 0.807 -0.2 1.5348
3.604 0.807 -0.2 1.5284
3.628 0.807 -0.2 1.5188
3.645 0.807 -0.2 1.512
3.662 0.807 -0.2 1.5052
3.741 0.807 -0.2 1.4736
3.766 0.807 -0.2 1.4636
3.779 0.807 -0.2 1.4584
3.798 0.807 -0.2 1.4508
3.812 0.807 -0.2 1.4452
3.834 0.807 -0.2 1.4364
3.856 0.807 -0.2 1.4276
3.931 0.807 -0.2 1.3976
3.953 0.807 -0.2 1.3888
3.968 0.807 -0.2 1.3828
3.985 0.807 -0.2 1.376
4.005 0.807 -0.2 1.368
4.021 0.807 -0.2 1.3616
4.037 0.807 -0.2 1.3552
4.114 0.807 -0.2 1.3244
4.13 0.807 -0.2 1.318
4.141 0.807 -0.2 1.3136
4.154 0.807 -0.2 1.3084
4.166 0.807 -0.2 1.3036
4.189 0.807 -0.2 1.2944
4.206 0.807 -0.2 1.2876
4.218 0.807 -0.2 1.2828
4.299 0.807 -0.2 1.2504
4.316 0.807 -0.2 1.2436
4.333 0.807 -0.2 1.2368
4.35 0.807 -0.2 1.23
4.371 0.807 -0.2 1.2216
4.39 0.807 -0.2 1.214
4.408 0.807 -0.2 1.2068
4.504 0.807 -0.2 1.1684
4.522 0.807 -0.2 1.1612
4.538 0.807 -0.2 1.1548
4.557 0.807 -0.2 1.1472
4.577 0.807 -0.2 1.1392
4.588 0.807 -0.2 1.1348
4.603 0.807 -0.2 1.1288
4.687 0.807 -0.2 1.0952
4.707 0.807 -0.2 1.0872
4.717 0.807 -0.2 1.0832
4.734 0.807 -0.2 1.0764
4.753 0.807 -0.2 1.0688
4.772 0.807 -0.2 1.0612
4.791 0.807 -0.2 1.0536
4.876 0.807 -0.2 1.0196
4.902 0.807 -0.2 1.0092
4.918 0.807 -0.2 1.0028
4.93 0.807 -0.2 0.998
4.95 0.807 -0.2 0.99
4.968 0.807 -0.2 0.9828
4.984 0.807 -0.2 0.9764
5.067 0.8338 -0.2 0.97
5.086 0.8414 -0.2 0.97
5.106 0.8494 -0.2 0.97
5.122 0.8558 -0.2 0.97
5.132 0.8598 -0.2 0.97
5.148 0.8662 -0.2 0.97
5.161 0.8714 -0.2 0.97
5.175 0.877 -0.2 0.97
5.268 0.9142 -0.2 0.97
5.285 0.921 -0.2 0.97
5.298 0.9262 -0.2 0.97
5.312 0.9318 -0.2 0.97
5.332 0.9398 -0.2 0.97
5.341 0.9434 -0.2 0.97
5.358 0.9502 -0.2 0.97
5.378 0.9582 -0.2 0.97
5.452 0.9878 -0.2 0.97
5.48 0.999 -0.2 0.97
5.499 1.0066 -0.2 0.97
5.518 1.0142 -0.2 0.97
5.541 1.0234 -0.2 0.97
5.554 1.0286 -0.2 0.97
5.632 1.0598 -0.2 0.97
5.646 1.0654 -0.2 0.97
5.66 1.071 -0.2 0.97
5.674 1.0766 -0.2 0.97
5.685 1.081 -0.2 0.97
5.698 1.0862 -0.2 0.97
5.712 1.0918 -0.2 0.97
5.727 1.0978 -0.2 0.97
5.746 1.1054 -0.2 0.97
5.824 1.1366 -0.2 0.97
5.85 1.147 -0.2 0.97
5.868 1.1542 -0.2 0.97
5.892 1.1638 -0.2 0.97
5.913 1.1722 -0.2 0.97
5.935 1.181 -0.2 0.97
6.007 1.2098 -0.2 0.97
6.018 1.2142 -0.2 0.97
6.032 1.2198 -0.2 0.97
6.046 1.2254 -0.2 0.97
6.06 1.231 -0.2 0.97
6.079 1.2386 -0.2 0.97
6.091 1.2434 -0.2 0.97
6.104 1.2486 -0.2 0.97
6.183 1.2802 -0.2 0.97
6.201 1.2874 -0.2 0.97
6.215 1.293 -0.2 0.97
6.231 1.2994 -0.2 0.97
6.246 1.3054 -0.2 0.97
6.263 1.3122 -0.2 0.97
6.276 1.3174 -0.2 0.97
6.295 1.325 -0.2 0.97
6.388 1.3622 -0.2 0.97
6.406 1.3694 -0.2 0.97
6.426 1.3774 -0.2 0.97
6.44 1.383 -0.2 0.97
6.457 1.3898 -0.2 0.97
6.472 1.3958 -0.2 0.97
6.487 1.4018 -0.2 0.97
6.567 1.4338 -0.2 0.97
6.581 1.4394 -0.2 0.97
6.601 1.4474 -0.2 0.97
6.61 1.451 -0.2 0.97
6.631 1.4594 -0.2 0.97
6.649 1.4666 -0.2 0.97
6.665 1.473 -0.2 0.97
6.755 1.509 -0.2 0.97
6.773 1.5162 -0.2 0.97
6.794 1.5246 -0.2 0.97
6.816 1.5334 -0.2 0.97
6.83 1.539 -0.2 0.97
6.84 1.543 -0.2 0.97
6.864 1.5526 -0.2 0.97
6.943 1.5842 -0.2 0.97
6.967 1.5938 -0.2 0.97
6.982 1.5998 -0.2 0.97
6.998 1.6062 -0.2 0.97
7.009 1.6106 -0.2 0.97
7.013 1.6122 -0.2 0.97
7.033 1.6202 -0.2 0.97
7.05 1.627 -0.2 0.97
7.129 1.6586 -0.2 0.97
7.143 1.6642 -0.2 0.97
7.164 1.6726 -0.2 0.97
7.174 1.6766 -0.2 0.97
7.192 1.6838 -0.2 0.97
7.207 1.6898 -0.2 0.97
7.228 1.6982 -0.2 0.97
7.327 1.7378 -0.2 0.97
7.347 1.7458 -0.2 0.97
7.363 1.7522 -0.2 0.97
7.376 1.7574 -0.2 0.97
7.395 1.765 -0.2 0.97
7.41 1.771 -0.2 0.97
7.428 1.7782 -0.2 0.97
7.507 1.807 -0.2 0.9728
7.527 1.807 -0.2 0.9808
7.537 1.807 -0.2 0.9848
7.556 1.807 -0.2 0.9924
7.571 1.807 -0.2 0.9984
7.584 1.807 -0.2 1.0036
7.601 1.807 -0.2 1.0104
7.624 1.807 -0.2 1.0196
7.707 1.807 -0.2 1.0528
7.724 1.807 -0.2 1.0596
7.744 1.807 -0.2 1.0676
7.761 1.807 -0.2 1.0744
7.768 1.807 -0.2 1.0772
7.786 1.807 -0.2 1.0844
7.804 1.807 -0.2 1.0916
7.896 1.807 -0.2 1.1284
7.91 1.807 -0.2 1.134
7.92 1.807 -0.2 1.138
7.931 1.807 -0.2 1.1424
7.946 1.807 -0.2 1.1484
7.96 1.807 -0.2 1.154
7.977 1.807 -0.2 1.1608
7.992 1.807 -0.2 1.1668
8.072 1.807 -0.2 1.1988
8.089 1.807 -0.2 1.2056
8.109 1.807 -0.2 1.2136
8.127 1.807 -0.2 1.2208
8.146 1.807 -0.2 1.2284
8.164 1.807 -0.2 1.2356
8.18 1.807 -0.2 1.242
8.275 1.807 -0.2 1.28
8.292 1.807 -0.2 1.2868
8.302 1.807 -0.2 1.2908
8.312 1.807 -0.2 1.2948
8.325 1.807 -0.2 1.3
8.343 1.807 -0.2 1.3072
8.359 1.807 -0.2 1.3136
8.375 1.807 -0.2 1.32
8.457 1.807 -0.2 1.3528
8.468 1.807 -0.2 1.3572
8.481 1.807 -0.2 1.3624
8.493 1.807 -0.2 1.3672
8.506 1.807 -0.2 1.3724
8.521 1.807 -0.2 1.3784
8.54 1.807 -0.2 1.386
8.559 1.807 -0.2 1.3936
8.641 1.807 -0.2 1.4264
8.662 1.807 -0.2 1.4348
8.678 1.807 -0.2 1.4412
8.69 1.807 -0.2 1.446
8.705 1.807 -0.2 1.452
8.712 1.807 -0.2 1.4548
8.737 1.807 -0.2 1.4648
8.815 1.807 -0.2 1.496
8.843 1.807 -0.2 1.5072
8.859 1.807 -0.2 1.5136
8.881 1.807 -0.2 1.5224
8.895 1.807 -0.2 1.528
8.914 1.807 -0.2 1.5356
9.002 1.807 -0.2 1.5708
9.032 1.807 -0.2 1.5828
9.043 1.807 -0.2 1.5872
9.059 1.807 -0.2 1.5936
9.074 1.807 -0.2 1.5996
9.092 1.807 -0.2 1.6068
9.113 1.807 -0.2 1.6152
9.204 1.807 -0.2 1.6516
9.223 1.807 -0.2 1.6592
9.24 1.807 -0.2 1.666
9.261 1.807 -0.2 1.6744
9.28 1.807 -0.2 1.682
9.293 1.807 -0.2 1.6872
9.379 1.807 -0.2 1.7216
9.397 1.807 -0.2 1.7288
9.411 1.807 -0.2 1.7344
9.422 1.807 -0.2 1.7388
9.436 1.807 -0.2 1.7444
9.453 1.807 -0.2 1.7512
9.467 1.807 -0.2 1.7568
9.485 1.807 -0.2 1.764
9.579 1.807 -0.2 1.8016
9.595 1.807 -0.2 1.808
9.609 1.807 -0.2 1.8136
9.621 1.807 -0.2 1.8184
9.637 1.807 -0.2 1.8248
9.656 1.807 -0.2 1.8324
9.673 1.807 -0.2 1.8392
9.688 1.807 -0.2 1.8452
9.782 1.807 -0.2 1.8828
9.808 1.807 -0.2 1.8932
9.827 1.807 -0.2 1.9008
9.853 1.807 -0.2 1.9112
9.868 1.807 -0.2 1.9172
9.885 1.807 -0.2 1.924
9.986 1.807 -0.2 1.9644
10.003 1.8058 -0.2 1.97
10.018 1.7998 -0.2 1.97
10.038 1.7918 -0.2 1.97
10.055 1.785 -0.2 1.97
10.072 1.7782 -0.2 1.97
10.153 1.7458 -0.2 1.97
10.176 1.7366 -0.2 1.97
10.193 1.7298 -0.2 1.97
10.212 1.7222 -0.2 1.97
10.224 1.7174 -0.2 1.97
10.239 1.7114 -0.2 1.97
10.25 1.707 -0.2 1.97
10.267 1.7002 -0.2 1.97
10.357 1.6642 -0.2 1.97
10.373 1.6578 -0.2 1.97
10.39 1.651 -0.2 1.97
10.403 1.6458 -0.2 1.97
10.421 1.6386 -0.2 1.97
10.433 1.6338 -0.2 1.97
10.446 1.6286 -0.2 1.97
10.463 1.6218 -0.2 1.97
10.548 1.5878 -0.2 1.97
10.566 1.5806 -0.2 1.97
10.588 1.5718 -0.2 1.97
10.608 1.5638 -0.2 1.97
10.622 1.5582 -0.2 1.97
10.638 1.5518 -0.2 1.97
10.654 1.5454 -0.2 1.97
10.723 1.5178 -0.2 1.97
10.739 1.5114 -0.2 1.97
10.756 1.5046 -0.2 1.97
10.771 1.4986 -0.2 1.97
10.784 1.4934 -0.2 1.97
10.801 1.4866 -0.2 1.97
10.816 1.4806 -0.2 1.97
10.831 1.4746 -0.2 1.97
10.918 1.4398 -0.2 1.97
10.933 1.4338 -0.2 1.97
10.952 1.4262 -0.2 1.97
10.979 1.4154 -0.2 1.97
10.995 1.409 -0.2 1.97
11.011 1.4026 -0.2 1.97
11.081 1.3746 -0.2 1.97
11.096 1.3686 -0.2 1.97
11.111 1.3626 -0.2 1.97
11.126 1.3566 -0.2 1.97
11.146 1.3486 -0.2 1.97
11.161 1.3426 -0.2 1.97
11.178 1.3358 -0.2 1.97
11.253 1.3058 -0.2 1.97
11.276 1.2966 -0.2 1.97
11.286 1.2926 -0.2 1.97
11.305 1.285 -0.2 1.97
11.323 1.2778 -0.2 1.97
11.336 1.2726 -0.2 1.97
11.343 1.2698 -0.2 1.97
11.361 1.2626 -0.2 1.97
11.451 1.2266 -0.2 1.97
11.474 1.2174 -0.2 1.97
11.492 1.2102 -0.2 1.97
11.508 1.2038 -0.2 1.97
11.524 1.1974 -0.2 1.97
11.54 1.191 -0.2 1.97
11.561 1.1826 -0.2 1.97
11.662 1.1422 -0.2 1.97
11.679 1.1354 -0.2 1.97
11.694 1.1294 -0.2 1.97
11.706 1.1246 -0.2 1.97
11.726 1.1166 -0.2 1.97
11.74 1.111 -0.2 1.97
11.751 1.1066 -0.2 1.97
11.769 1.0994 -0.2 1.97
11.849 1.0674 -0.2 1.97
11.872 1.0582 -0.2 1.97
11.888 1.0518 -0.2 1.97
11.899 1.0474 -0.2 1.97
11.91 1.043 -0.2 1.97
11.926 1.0366 -0.2 1.97
11.936 1.0326 -0.2 1.97
11.955 1.025 -0.2 1.97
12.042 0.9902 -0.2 1.97
12.063 0.9818 -0.2 1.97
12.085 0.973 -0.2 1.97
12.097 0.9682 -0.2 1.97
12.104 0.9654 -0.2 1.97
12.119 0.9594 -0.2 1.97
12.137 0.9522 -0.2 1.97
12.231 0.9146 -0.2 1.97
12.251 0.9066 -0.2 1.97
12.274 0.8974 -0.2 1.97
12.29 0.891 -0.2 1.97
12.307 0.8842 -0.2 1.97
12.325 0.877 -0.2 1.97
12.344 0.8694 -0.2 1.97
12.442 0.8302 -0.2 1.97
12.453 0.8258 -0.2 1.97
12.471 0.8186 -0.2 1.97
12.496 0.8086 -0.2 1.97
12.521 0.807 -0.2 1.9616
12.538 0.807 -0.2 1.9548
12.636 0.807 -0.2 1.9156
12.653 0.807 -0.2 1.9088
12.669 0.807 -0.2 1.9024
12.686 0.807 -0.2 1.8956
12.705 0.807 -0.2 1.888
12.721 0.807 -0.2 1.8816
12.732 0.807 -0.2 1.8772
12.746 0.807 -0.2 1.8716
12.826 0.807 -0.2 1.8396
12.836 0.807 -0.2 1.8356
12.853 0.807 -0.2 1.8288
12.867 0.807 -0.2 1.8232
12.882 0.807 -0.2 1.8172
12.901 0.807 -0.2 1.8096
12.918 0.807 -0.2 1.8028
12.937 0.807 -0.2 1.7952
13.031 0.807 -0.2 1.7576
13.052 0.807 -0.2 1.7492
13.061 0.807 -0.2 1.7456
13.082 0.807 -0.2 1.7372
13.094 0.807 -0.2 1.7324
13.117 0.807 -0.2 1.7232
13.133 0.807 -0.2 1.7168
13.22 0.807 -0.2 1.682
13.245 0.807 -0.2 1.672
13.256 0.807 -0.2 1.6676
13.269 0.807 -0.2 1.6624
13.285 0.807 -0.2 1.656
13.298 0.807 -0.2 1.6508
13.312 0.807 -0.2 1.6452
13.385 0.807 -0.2 1.616
13.4 0.807 -0.2 1.61
13.414 0.807 -0.2 1.6044
13.433 0.807 -0.2 1.5968
13.453 0.807 -0.2 1.5888
13.473 0.807 -0.2 1.5808
13.491 0.807 -0.2 1.5736
13.567 0.807 -0.2 1.5432
13.583 0.807 -0.2 1.5368
13.604 0.807 -0.2 1.5284
13.617 0.807 -0.2 1.5232
13.641 0.807 -0.2 1.5136
13.658 0.807 -0.2 1.5068
13.677 0.807 -0.2 1.4992
13.769 0.807 -0.2 1.4624
13.786 0.807 -0.2 1.4556
13.805 0.807 -0.2 1.448
13.819 0.807 -0.2 1.4424
13.831 0.807 -0.2 1.4376
13.836 0.807 -0.2 1.4356
13.851 0.807 -0.2 1.4296
13.869 0.807 -0.2 1.4224
13.932 0.807 -0.2 1.3972
13.951 0.807 -0.2 1.3896
13.977 0.807 -0.2 1.3792
13.995 0.807 -0.2 1.372
14.015 0.807 -0.2 1.364
14.031 0.807 -0.2 1.3576
14.053 0.807 -0.2 1.3488
14.134 0.807 -0.2 1.3164
14.159 0.807 -0.2 1.3064
14.184 0.807 -0.2 1.2964
14.201 0.807 -0.2 1.2896
14.212 0.807 -0.2 1.2852
14.227 0.807 -0.2 1.2792
14.322 0.807 -0.2 1.2412
14.333 0.807 -0.2 1.2368
14.35 0.807 -0.2 1.23
14.366 0.807 -0.2 1.2236
14.386 0.807 -0.2 1.2156
14.401 0.807 -0.2 1.2096
14.419 0.807 -0.2 1.2024
14.519 0.807 -0.2 1.1624
14.536 0.807 -0.2 1.1556
14.55 0.807 -0.2 1.15
14.573 0.807 -0.2 1.1408
14.585 0.807 -0.2 1.136
14.597 0.807 -0.2 1.1312
14.614 0.807 -0.2 1.1244
14.706 0.807 -0.2 1.0876
14.721 0.807 -0.2 1.0816
14.739 0.807 -0.2 1.0744
14.754 0.807 -0.2 1.0684
14.764 0.807 -0.2 1.0644
14.79 0.807 -0.2 1.054
14.807 0.807 -0.2 1.0472
14.91 0.807 -0.2 1.006
14.929 0.807 -0.2 0.9984
14.947 0.807 -0.2 0.9912
14.96 0.807 -0.2 0.986
14.976 0.807 -0.2 0.9796
14.989 0.807 -0.2 0.9744
15.001 0.8074 -0.2 0.97
15.013 0.8122 -0.2 0.97
15.095 0.845 -0.2 0.97
15.113 0.8522 -0.2 0.97
15.125 0.857 -0.2 0.97
15.144 0.8646 -0.2 0.97
15.164 0.8726 -0.2 0.97
15.184 0.8806 -0.2 0.97
15.202 0.8878 -0.2 0.97
15.282 0.9198 -0.2 0.97
15.3 0.927 -0.2 0.97
15.315 0.933 -0.2 0.97
15.328 0.9382 -0.2 0.97
15.347 0.9458 -0.2 0.97
15.363 0.9522 -0.2 0.97
15.383 0.9602 -0.2 0.97
15.467 0.9938 -0.2 0.97
15.475 0.997 -0.2 0.97
15.493 1.0042 -0.2 0.97
15.502 1.0078 -0.2 0.97
15.517 1.0138 -0.2 0.97
15.531 1.0194 -0.2 0.97
15.546 1.0254 -0.2 0.97
15.558 1.0302 -0.2 0.97
15.645 1.065 -0.2 0.97
15.663 1.0722 -0.2 0.97
15.673 1.0762 -0.2 0.97
15.69 1.083 -0.2 0.97
15.701 1.0874 -0.2 0.97
15.719 1.0946 -0.2 0.97
15.725 1.097 -0.2 0.97
15.742 1.1038 -0.2 0.97
15.822 1.1358 -0.2 0.97
15.84 1.143 -0.2 0.97
15.855 1.149 -0.2 0.97
15.872 1.1558 -0.2 0.97
15.888 1.1622 -0.2 0.97
15.904 1.1686 -0.2 0.97
15.918 1.1742 -0.2 0.97
16.002 1.2078 -0.2 0.97
16.013 1.2122 -0.2 0.97
16.029 1.2186 -0.2 0.97
16.042 1.2238 -0.2 0.97
16.054 1.2286 -0.2 0.97
16.07 1.235 -0.2 0.97
16.089 1.2426 -0.2 0.97
16.107 1.2498 -0.2 0.97
16.193 1.2842 -0.2 0.97
16.212 1.2918 -0.2 0.97
16.226 1.2974 -0.2 0.97
16.246 1.3054 -0.2 0.97
16.263 1.3122 -0.2 0.97
16.277 1.3178 -0.2 0.97
16.291 1.3234 -0.2 0.97
16.373 1.3562 -0.2 0.97
16.387 1.3618 -0.2 0.97
16.397 1.3658 -0.2 0.97
16.413 1.3722 -0.2 0.97
16.43 1.379 -0.2 0.97
16.45 1.387 -0.2 0.97
16.464 1.3926 -0.2 0.97
16.476 1.3974 -0.2 0.97
16.567 1.4338 -0.2 0.97
16.583 1.4402 -0.2 0.97
16.596 1.4454 -0.2 0.97
16.612 1.4518 -0.2 0.97
16.619 1.4546 -0.2 0.97
16.638 1.4622 -0.2 0.97
16.657 1.4698 -0.2 0.97
16.666 1.4734 -0.2 0.97
16.753 1.5082 -0.2 0.97
16.769 1.5146 -0.2 0.97
16.786 1.5214 -0.2 0.97
16.801 1.5274 -0.2 0.97
16.812 1.5318 -0.2 0.97
16.832 1.5398 -0.2 0.97
16.848 1.5462 -0.2 0.97
16.879 1.5586 -0.2 0.97
16.968 1.5942 -0.2 0.97
16.989 1.6026 -0.2 0.97
17.008 1.6102 -0.2 0.97
17.023 1.6162 -0.2 0.97
17.038 1.6222 -0.2 0.97
17.056 1.6294 -0.2 0.97
17.068 1.6342 -0.2 0.97
17.149 1.6666 -0.2 0.97
17.164 1.6726 -0.2 0.97
17.183 1.6802 -0.2 0.97
17.196 1.6854 -0.2 0.97
17.211 1.6914 -0.2 0.97
17.224 1.6966 -0.2 0.97
17.243 1.7042 -0.2 0.97
17.253 1.7082 -0.2 0.97
17.352 1.7478 -0.2 0.97
17.366 1.7534 -0.2 0.97
17.386 1.7614 -0.2 0.97
17.403 1.7682 -0.2 0.97
17.421 1.7754 -0.2 0.97
17.44 1.783 -0.2 0.97
17.45 1.787 -0.2 0.97
17.539 1.807 -0.2 0.9856
17.555 1.807 -0.2 0.992
17.574 1.807 -0.2 0.9996
17.585 1.807 -0.2 1.004
17.606 1.807 -0.2 1.0124
17.633 1.807 -0.2 1.0232
17.65 1.807 -0.2 1.03
17.735 1.807 -0.2 1.064
17.759 1.807 -0.2 1.0736
17.78 1.807 -0.2 1.082
17.799 1.807 -0.2 1.0896
17.814 1.807 -0.2 1.0956
17.827 1.807 -0.2 1.1008
17.842 1.807 -0.2 1.1068
17.924 1.807 -0.2 1.1396
17.946 1.807 -0.2 1.1484
17.96 1.807 -0.2 1.154
17.979 1.807 -0.2 1.1616
17.993 1.807 -0.2 1.1672
18.009 1.807 -0.2 1.1736
18.023 1.807 -0.2 1.1792
18.099 1.807 -0.2 1.2096
18.119 1.807 -0.2 1.2176
18.131 1.807 -0.2 1.2224
18.146 1.807 -0.2 1.2284
18.162 1.807 -0.2 1.2348
18.181 1.807 -0.2 1.2424
18.202 1.807 -0.2 1.2508
18.282 1.807 -0.2 1.2828
18.294 1.807 -0.2 1.2876
18.308 1.807 -0.2 1.2932
18.328 1.807 -0.2 1.3012
18.345 1.807 -0.2 1.308
18.358 1.807 -0.2 1.3132
18.379 1.807 -0.2 1.3216
18.395 1.807 -0.2 1.328
18.485 1.807 -0.2 1.364
18.506 1.807 -0.2 1.3724
18.524 1.807 -0.2 1.3796
18.546 1.807 -0.2 1.3884
18.56 1.807 -0.2 1.394
18.577 1.807 -0.2 1.4008
18.588 1.807 -0.2 1.4052
18.679 1.807 -0.2 1.4416
18.693 1.807 -0.2 1.4472
18.711 1.807 -0.2 1.4544
18.732 1.807 -0.2 1.4628
18.749 1.807 -0.2 1.4696
18.762 1.807 -0.2 1.4748
18.779 1.807 -0.2 1.4816
18.863 1.807 -0.2 1.5152
18.881 1.807 -0.2 1.5224
18.891 1.807 -0.2 1.5264
18.906 1.807 -0.2 1.5324
18.925 1.807 -0.2 1.54
18.942 1.807 -0.2 1.5468
18.958 1.807 -0.2 1.5532
18.974 1.807 -0.2 1.5596
19.046 1.807 -0.2 1.5884
19.059 1.807 -0.2 1.5936
19.077 1.807 -0.2 1.6008
19.093 1.807 -0.2 1.6072
19.107 1.807 -0.2 1.6128
19.125 1.807 -0.2 1.62
19.139 1.807 -0.2 1.6256
19.156 1.807 -0.2 1.6324
19.241 1.807 -0.2 1.6664
19.265 1.807 -0.2 1.676
19.283 1.807 -0.2 1.6832
19.291 1.807 -0.2 1.6864
19.3 1.807 -0.2 1.69
19.311 1.807 -0.2 1.6944
19.325 1.807 -0.2 1.7
19.342 1.807 -0.2 1.7068
19.438 1.807 -0.2 1.7452
19.454 1.807 -0.2 1.7516
19.47 1.807 -0.2 1.758
19.485 1.807 -0.2 1.764
19.499 1.807 -0.2 1.7696
19.517 1.807 -0.2 1.7768
19.535 1.807 -0.2 1.784
19.634 1.807 -0.2 1.8236
19.652 1.807 -0.2 1.8308
19.665 1.807 -0.2 1.836
19.682 1.807 -0.2 1.8428
19.698 1.807 -0.2 1.8492
19.708 1.807 -0.2 1.8532
19.721 1.807 -0.2 1.8584
19.736 1.807 -0.2 1.8644
19.813 1.807 -0.2 1.8952
19.829 1.807 -0.2 1.9016
19.838 1.807 -0.2 1.9052
19.854 1.807 -0.2 1.9116
19.864 1.807 -0.2 1.9156
19.877 1.807 -0.2 1.9208
19.894 1.807 -0.2 1.9276
19.909 1.807 -0.2 1.9336
19.923 1.807 -0.2 1.9392
20.004 1.8054 -0.2 1.97
20.029 1.7954 -0.2 1.97
20.047 1.7882 -0.2 1.97
20.063 1.7818 -0.2 1.97
20.074 1.7774 -0.2 1.97
20.094 1.7694 -0.2 1.97
20.108 1.7638 -0.2 1.97
20.198 1.7278 -0.2 1.97
20.213 1.7218 -0.2 1.97
20.229 1.7154 -0.2 1.97
20.241 1.7106 -0.2 1.97
20.259 1.7034 -0.2 1.97
20.279 1.6954 -0.2 1.97
20.29 1.691 -0.2 1.97
20.3 1.687 -0.2 1.97
20.396 1.6486 -0.2 1.97
20.409 1.6434 -0.2 1.97
20.433 1.6338 -0.2 1.97
20.453 1.6258 -0.2 1.97
20.481 1.6146 -0.2 1.97
20.57 1.579 -0.2 1.97
20.591 1.5706 -0.2 1.97
20.605 1.565 -0.2 1.97
20.62 1.559 -0.2 1.97
20.642 1.5502 -0.2 1.97
20.666 1.5406 -0.2 1.97
20.755 1.505 -0.2 1.97
20.771 1.4986 -0.2 1.97
20.796 1.4886 -0.2 1.97
20.816 1.4806 -0.2 1.97
20.83 1.475 -0.2 1.97
20.847 1.4682 -0.2 1.97
20.857 1.4642 -0.2 1.97
20.934 1.4334 -0.2 1.97
20.952 1.4262 -0.2 1.97
20.985 1.413 -0.2 1.97
20.999 1.4074 -0.2 1.97
21.014 1.4014 -0.2 1.97
21.024 1.3974 -0.2 1.97
21.031 1.3946 -0.2 1.97
21.048 1.3878 -0.2 1.97
21.129 1.3554 -0.2 1.97
21.148 1.3478 -0.2 1.97
21.167 1.3402 -0.2 1.97
21.185 1.333 -0.2 1.97
21.198 1.3278 -0.2 1.97
21.219 1.3194 -0.2 1.97
21.242 1.3102 -0.2 1.97
21.336 1.2726 -0.2 1.97
21.35 1.267 -0.2 1.97
21.364 1.2614 -0.2 1.97
21.385 1.253 -0.2 1.97
21.399 1.2474 -0.2 1.97
21.416 1.2406 -0.2 1.97
21.432 1.2342 -0.2 1.97
21.519 1.1994 -0.2 1.97
21.54 1.191 -0.2 1.97
21.545 1.189 -0.2 1.97
21.558 1.1838 -0.2 1.97
21.576 1.1766 -0.2 1.97
21.591 1.1706 -0.2 1.97
21.609 1.1634 -0.2 1.97
21.62 1.159 -0.2 1.97
21.707 1.1242 -0.2 1.97
21.72 1.119 -0.2 1.97
21.727 1.1162 -0.2 1.97
21.737 1.1122 -0.2 1.97
21.752 1.1062 -0.2 1.97
21.765 1.101 -0.2 1.97
21.785 1.093 -0.2 1.97
21.801 1.0866 -0.2 1.97
21.887 1.0522 -0.2 1.97
21.908 1.0438 -0.2 1.97
21.925 1.037 -0.2 1.97
21.931 1.0346 -0.2 1.97
21.949 1.0274 -0.2 1.97
21.968 1.0198 -0.2 1.97
21.984 1.0134 -0.2 1.97
22.085 0.973 -0.2 1.97
22.113 0.9618 -0.2 1.97
22.142 0.9502 -0.2 1.97
22.166 0.9406 -0.2 1.97
22.172 0.9382 -0.2 1.97
22.264 0.9014 -0.2 1.97
22.284 0.8934 -0.2 1.97
22.296 0.8886 -0.2 1.97
22.311 0.8826 -0.2 1.97
22.332 0.8742 -0.2 1.97
22.349 0.8674 -0.2 1.97
22.363 0.8618 -0.2 1.97
22.454 0.8254 -0.2 1.97
22.468 0.8198 -0.2 1.97
22.487 0.8122 -0.2 1.97
22.504 0.807 -0.2 1.9684
22.523 0.807 -0.2 1.9608
22.547 0.807 -0.2 1.9512
22.562 0.807 -0.2 1.9452
22.648 0.807 -0.2 1.9108
22.673 0.807 -0.2 1.9008
22.685 0.807 -0.2 1.896
22.702 0.807 -0.2 1.8892
22.726 0.807 -0.2 1.8796
22.747 0.807 -0.2 1.8712
22.834 0.807 -0.2 1.8364
22.846 0.807 -0.2 1.8316
22.863 0.807 -0.2 1.8248
22.874 0.807 -0.2 1.8204
22.891 0.807 -0.2 1.8136
22.918 0.807 -0.2 1.8028
22.931 0.807 -0.2 1.7976
23.024 0.807 -0.2 1.7604
23.044 0.807 -0.2 1.7524
23.056 0.807 -0.2 1.7476
23.073 0.807 -0.2 1.7408
23.093 0.807 -0.2 1.7328
23.112 0.807 -0.2 1.7252
23.203 0.807 -0.2 1.6888
23.218 0.807 -0.2 1.6828
23.238 0.807 -0.2 1.6748
23.259 0.807 -0.2 1.6664
23.282 0.807 -0.2 1.6572
23.301 0.807 -0.2 1.6496
23.39 0.807 -0.2 1.614
23.405 0.807 -0.2 1.608
23.426 0.807 -0.2 1.5996
23.441 0.807 -0.2 1.5936
23.458 0.807 -0.2 1.5868
23.479 0.807 -0.2 1.5784
23.581 0.807 -0.2 1.5376
23.594 0.807 -0.2 1.5324
23.612 0.807 -0.2 1.5252
23.635 0.807 -0.2 1.516
23.644 0.807 -0.2 1.5124
23.658 0.807 -0.2 1.5068
23.679 0.807 -0.2 1.4984
23.758 0.807 -0.2 1.4668
23.774 0.807 -0.2 1.4604
23.795 0.807 -0.2 1.452
23.819 0.807 -0.2 1.4424
23.842 0.807 -0.2 1.4332
23.859 0.807 -0.2 1.4264
23.923 0.807 -0.2 1.4008
23.942 0.807 -0.2 1.3932
23.959 0.807 -0.2 1.3864
23.974 0.807 -0.2 1.3804
23.987 0.807 -0.2 1.3752
24.004 0.807 -0.2 1.3684
24.019 0.807 -0.2 1.3624
24.039 0.807 -0.2 1.3544
24.135 0.807 -0.2 1.316
24.151 0.807 -0.2 1.3096
24.168 0.807 -0.2 1.3028
24.183 0.807 -0.2 1.2968
24.198 0.807 -0.2 1.2908
24.212 0.807 -0.2 1.2852
24.234 0.807 -0.2 1.2764
24.33 0.807 -0.2 1.238
24.342 0.807 -0.2 1.2332
24.356 0.807 -0.2 1.2276
24.37 0.807 -0.2 1.222
24.38 0.807 -0.2 1.218
24.394 0.807 -0.2 1.2124
24.407 0.807 -0.2 1.2072
24.421 0.807 -0.2 1.2016
24.438 0.807 -0.2 1.1948
24.514 0.807 -0.2 1.1644
24.531 0.807 -0.2 1.1576
24.548 0.807 -0.2 1.1508
24.565 0.807 -0.2 1.144
24.581 0.807 -0.2 1.1376
24.594 0.807 -0.2 1.1324
24.608 0.807 -0.2 1.1268
24.676 0.807 -0.2 1.0996
24.694 0.807 -0.2 1.0924
24.705 0.807 -0.2 1.088
24.719 0.807 -0.2 1.0824
24.731 0.807 -0.2 1.0776
24.748 0.807 -0.2 1.0708
24.759 0.807 -0.2 1.0664
24.778 0.807 -0.2 1.0588
24.861 0.807 -0.2 1.0256
24.877 0.807 -0.2 1.0192
24.892 0.807 -0.2 1.0132
24.903 0.807 -0.2 1.0088
24.92 0.807 -0.2 1.002
24.937 0.807 -0.2 0.9952
24.954 0.807 -0.2 0.9884
24.971 0.807 -0.2 0.9816
25.064 0.8326 -0.2 0.97
25.074 0.8366 -0.2 0.97
25.087 0.8418 -0.2 0.97
25.106 0.8494 -0.2 0.97
25.12 0.855 -0.2 0.97
25.134 0.8606 -0.2 0.97
25.15 0.867 -0.2 0.97
25.165 0.873 -0.2 0.97
25.199 0.8866 -0.2 0.97
25.202 0.8878 -0.2 0.97
25.217 0.8938 -0.2 0.97
25.234 0.9006 -0.2 0.97
25.249 0.9066 -0.2 0.97
25.267 0.9138 -0.2 0.97
25.288 0.9222 -0.2 0.97
25.305 0.929 -0.2 0.97
25.381 0.9594 -0.2 0.97
25.392 0.9638 -0.2 0.97
25.408 0.9702 -0.2 0.97
25.427 0.9778 -0.2 0.97
25.446 0.9854 -0.2 0.97
25.464 0.9926 -0.2 0.97
25.483 1.0002 -0.2 0.97
25.564 1.0326 -0.2 0.97
25.58 1.039 -0.2 0.97
25.596 1.0454 -0.2 0.97
25.607 1.0498 -0.2 0.97
25.626 1.0574 -0.2 0.97
25.635 1.061 -0.2 0.97
25.651 1.0674 -0.2 0.97
25.668 1.0742 -0.2 0.97
25.751 1.1074 -0.2 0.97
25.771 1.1154 -0.2 0.97
25.784 1.1206 -0.2 0.97
25.798 1.1262 -0.2 0.97
25.819 1.1346 -0.2 0.97
25.838 1.1422 -0.2 0.97
25.854 1.1486 -0.2 0.97
25.936 1.1814 -0.2 0.97
25.961 1.1914 -0.2 0.97
25.98 1.199 -0.2 0.97
26.002 1.2078 -0.2 0.97
26.02 1.215 -0.2 0.97
26.04 1.223 -0.2 0.97
26.13 1.259 -0.2 0.97
26.152 1.2678 -0.2 0.97
26.17 1.275 -0.2 0.97
26.181 1.2794 -0.2 0.97
26.195 1.285 -0.2 0.97
26.213 1.2922 -0.2 0.97
26.229 1.2986 -0.2 0.97
26.309 1.3306 -0.2 0.97
26.323 1.3362 -0.2 0.97
26.343 1.3442 -0.2 0.97
26.367 1.3538 -0.2 0.97
26.384 1.3606 -0.2 0.97
26.397 1.3658 -0.2 0.97
26.412 1.3718 -0.2 0.97
26.495 1.405 -0.2 0.97
26.506 1.4094 -0.2 0.97
26.519 1.4146 -0.2 0.97
26.533 1.4202 -0.2 0.97
26.542 1.4238 -0.2 0.97
26.559 1.4306 -0.2 0.97
26.572 1.4358 -0.2 0.97
26.585 1.441 -0.2 0.97
26.604 1.4486 -0.2 0.97
26.688 1.4822 -0.2 0.97
26.717 1.4938 -0.2 0.97
26.738 1.5022 -0.2 0.97
26.758 1.5102 -0.2 0.97
26.769 1.5146 -0.2 0.97
26.776 1.5174 -0.2 0.97
26.799 1.5266 -0.2 0.97
26.891 1.5634 -0.2 0.97
26.906 1.5694 -0.2 0.97
26.93 1.579 -0.2 0.97
26.945 1.585 -0.2 0.97
26.966 1.5934 -0.2 0.97
26.98 1.599 -0.2 0.97
27.002 1.6078 -0.2 0.97
27.101 1.6474 -0.2 0.97
27.124 1.6566 -0.2 0.97
27.144 1.6646 -0.2 0.97
27.163 1.6722 -0.2 0.97
27.183 1.6802 -0.2 0.97
27.193 1.6842 -0.2 0.97
27.211 1.6914 -0.2 0.97
27.293 1.7242 -0.2 0.97
27.309 1.7306 -0.2 0.97
27.335 1.741 -0.2 0.97
27.35 1.747 -0.2 0.97
27.367 1.7538 -0.2 0.97
27.385 1.761 -0.2 0.97
27.403 1.7682 -0.2 0.97
27.494 1.8046 -0.2 0.97
27.521 1.807 -0.2 0.9784
27.536 1.807 -0.2 0.9844
27.551 1.807 -0.2 0.9904
27.57 1.807 -0.2 0.998
27.586 1.807 -0.2 1.0044
27.61 1.807 -0.2 1.014
27.718 1.807 -0.2 1.0572
27.743 1.807 -0.2 1.0672
27.762 1.807 -0.2 1.0748
27.78 1.807 -0.2 1.082
27.793 1.807 -0.2 1.0872
27.809 1.807 -0.2 1.0936
27.824 1.807 -0.2 1.0996
27.905 1.807 -0.2 1.132
27.928 1.807 -0.2 1.1412
27.947 1.807 -0.2 1.1488
27.964 1.807 -0.2 1.1556
27.975 1.807 -0.2 1.16
27.988 1.807 -0.2 1.1652
28.005 1.807 -0.2 1.172
28.088 1.807 -0.2 1.2052
28.11 1.807 -0.2 1.214
28.128 1.807 -0.2 1.2212
28.139 1.807 -0.2 1.2256
28.153 1.807 -0.2 1.2312
28.171 1.807 -0.2 1.2384
28.185 1.807 -0.2 1.244
28.206 1.807 -0.2 1.2524
28.316 1.807 -0.2 1.2964
28.331 1.807 -0.2 1.3024
28.345 1.807 -0.2 1.308
28.364 1.807 -0.2 1.3156
28.372 1.807 -0.2 1.3188
28.395 1.807 -0.2 1.328
28.421 1.807 -0.2 1.3384
28.512 1.807 -0.2 1.3748
28.534 1.807 -0.2 1.3836
28.548 1.807 -0.2 1.3892
28.557 1.807 -0.2 1.3928
28.572 1.807 -0.2 1.3988
28.59 1.807 -0.2 1.406
28.615 1.807 -0.2 1.416
28.7 1.807 -0.2 1.45
28.72 1.807 -0.2 1.458
28.745 1.807 -0.2 1.468
28.774 1.807 -0.2 1.4796
28.79 1.807 -0.2 1.486
28.807 1.807 -0.2 1.4928
28.895 1.807 -0.2 1.528
28.914 1.807 -0.2 1.5356
28.935 1.807 -0.2 1.544
28.95 1.807 -0.2 1.55
28.969 1.807 -0.2 1.5576
28.997 1.807 -0.2 1.5688
29.093 1.807 -0.2 1.6072
29.107 1.807 -0.2 1.6128
29.122 1.807 -0.2 1.6188
29.138 1.807 -0.2 1.6252
29.152 1.807 -0.2 1.6308
29.168 1.807 -0.2 1.6372
29.18 1.807 -0.2 1.642
29.27 1.807 -0.2 1.678
29.286 1.807 -0.2 1.6844
29.306 1.807 -0.2 1.6924
29.329 1.807 -0.2 1.7016
29.351 1.807 -0.2 1.7104
29.37 1.807 -0.2 1.718
29.464 1.807 -0.2 1.7556
29.483 1.807 -0.2 1.7632
29.498 1.807 -0.2 1.7692
29.523 1.807 -0.2 1.7792
29.545 1.807 -0.2 1.788
29.564 1.807 -0.2 1.7956
29.644 1.807 -0.2 1.8276
29.663 1.807 -0.2 1.8352
29.678 1.807 -0.2 1.8412
29.69 1.807 -0.2 1.846
29.714 1.807 -0.2 1.8556
29.731 1.807 -0.2 1.8624
29.747 1.807 -0.2 1.8688
29.84 1.807 -0.2 1.906
29.868 1.807 -0.2 1.9172
29.886 1.807 -0.2 1.9244
29.902 1.807 -0.2 1.9308
29.917 1.807 -0.2 1.9368
29.938 1.807 -0.2 1.9452
30.027 1.7962 -0.2 1.97
30.041 1.7906 -0.2 1.97
30.058 1.7838 -0.2 1.97
30.078 1.7758 -0.2 1.97
30.093 1.7698 -0.2 1.97
30.113 1.7618 -0.2 1.97
30.134 1.7534 -0.2 1.97
30.227 1.7162 -0.2 1.97
30.247 1.7082 -0.2 1.97
30.261 1.7026 -0.2 1.97
30.277 1.6962 -0.2 1.97
30.295 1.689 -0.2 1.97
30.31 1.683 -0.2 1.97
30.328 1.6758 -0.2 1.97
30.422 1.6382 -0.2 1.97
30.44 1.631 -0.2 1.97
30.458 1.6238 -0.2 1.97
30.481 1.6146 -0.2 1.97
30.498 1.6078 -0.2 1.97
30.518 1.5998 -0.2 1.97
30.592 1.5702 -0.2 1.97
