0.006 1.8046 -0.2 1.97
0.037 1.7922 -0.2 1.97
0.047 1.7882 -0.2 1.97
0.06 1.783 -0.2 1.97
0.09 1.771 -0.2 1.97
0.121 1.7586 -0.2 1.97
0.145 1.749 -0.2 1.97
0.175 1.737 -0.2 1.97
0.203 1.7258 -0.2 1.97
0.238 1.7118 -0.2 1.97
0.269 1.6994 -0.2 1.97
0.289 1.6914 -0.2 1.97
0.316 1.6806 -0.2 1.97
0.333 1.6738 -0.2 1.97
0.352 1.6662 -0.2 1.97
0.388 1.6518 -0.2 1.97
0.406 1.6446 -0.2 1.97
0.429 1.6354 -0.2 1.97
0.45 1.627 -0.2 1.97
0.474 1.6174 -0.2 1.97
0.494 1.6094 -0.2 1.97
0.511 1.6026 -0.2 1.97
0.526 1.5966 -0.2 1.97
0.54 1.591 -0.2 1.97
0.556 1.5846 -0.2 1.97
0.567 1.5802 -0.2 1.97
0.582 1.5742 -0.2 1.97
0.6 1.567 -0.2 1.97
0.623 1.5578 -0.2 1.97
0.636 1.5526 -0.2 1.97
0.648 1.5478 -0.2 1.97
0.668 1.5398 -0.2 1.97
0.685 1.533 -0.2 1.97
0.7 1.527 -0.2 1.97
0.724 1.5174 -0.2 1.97
0.738 1.5118 -0.2 1.97
0.753 1.5058 -0.2 1.97
0.762 1.5022 -0.2 1.97
0.771 1.4986 -0.2 1.97
0.788 1.4918 -0.2 1.97
0.808 1.4838 -0.2 1.97
0.826 1.4766 -0.2 1.97
0.847 1.4682 -0.2 1.97
0.868 1.4598 -0.2 1.97
0.882 1.4542 -0.2 1.97
0.904 1.4454 -0.2 1.97
0.915 1.441 -0.2 1.97
0.926 1.4366 -0.2 1.97
0.943 1.4298 -0.2 1.97
0.962 1.4222 -0.2 1.97
0.98 1.415 -0.2 1.97
0.993 1.4098 -0.2 1.97
1.009 1.4034 -0.2 1.97
1.026 1.3966 -0.2 1.97
1.039 1.3914 -0.2 1.97
1.053 1.3858 -0.2 1.97
1.064 1.3814 -0.2 1.97
1.079 1.3754 -0.2 1.97
1.091 1.3706 -0.2 1.97
1.109 1.3634 -0.2 1.97
1.135 1.353 -0.2 1.97
1.151 1.3466 -0.2 1.97
1.175 1.337 -0.2 1.97
1.196 1.3286 -0.2 1.97
1.212 1.3222 -0.2 1.97
1.225 1.317 -0.2 1.97
1.241 1.3106 -0.2 1.97
1.255 1.305 -0.2 1.97
1.273 1.2978 -0.2 1.97
1.289 1.2914 -0.2 1.97
1.31 1.283 -0.2 1.97
1.328 1.2758 -0.2 1.97
1.344 1.2694 -0.2 1.97
1.355 1.265 -0.2 1.97
1.372 1.2582 -0.2 1.97
1.383 1.2538 -0.2 1.97
1.408 1.2438 -0.2 1.97
1.43 1.235 -0.2 1.97
1.441 1.2306 -0.2 1.97
1.465 1.221 -0.2 1.97
1.481 1.2146 -0.2 1.97
1.498 1.2078 -0.2 1.97
1.512 1.2022 -0.2 1.97
1.528 1.1958 -0.2 1.97
1.547 1.1882 -0.2 1.97
1.569 1.1794 -0.2 1.97
1.583 1.1738 -0.2 1.97
1.606 1.1646 -0.2 1.97
1.626 1.1566 -0.2 1.97
1.64 1.151 -0.2 1.97
1.656 1.1446 -0.2 1.97
1.681 1.1346 -0.2 1.97
1.69 1.131 -0.2 1.97
1.707 1.1242 -0.2 1.97
1.717 1.1202 -0.2 1.97
1.734 1.1134 -0.2 1.97
1.749 1.1074 -0.2 1.97
1.771 1.0986 -0.2 1.97
1.787 1.0922 -0.2 1.97
1.802 1.0862 -0.2 1.97
1.814 1.0814 -0.2 1.97
1.832 1.0742 -0.2 1.97
1.841 1.0706 -0.2 1.97
1.856 1.0646 -0.2 1.97
1.873 1.0578 -0.2 1.97
1.891 1.0506 -0.2 1.97
1.905 1.045 -0.2 1.97
1.926 1.0366 -0.2 1.97
1.94 1.031 -0.2 1.97
1.959 1.0234 -0.2 1.97
1.97 1.019 -0.2 1.97
1.979 1.0154 -0.2 1.97
1.993 1.0098 -0.2 1.97
2.006 1.0046 -0.2 1.97
2.024 0.9974 -0.2 1.97
2.045 0.989 -0.2 1.97
2.066 0.9806 -0.2 1.97
2.083 0.9738 -0.2 1.97
2.1 0.967 -0.2 1.97
2.109 0.9634 -0.2 1.97
2.125 0.957 -0.2 1.97
2.144 0.9494 -0.2 1.97
2.179 0.9354 -0.2 1.97
2.198 0.9278 -0.2 1.97
2.209 0.9234 -0.2 1.97
2.222 0.9182 -0.2 1.97
2.242 0.9102 -0.2 1.97
2.257 0.9042 -0.2 1.97
2.28 0.895 -0.2 1.97
2.295 0.889 -0.2 1.97
2.309 0.8834 -0.2 1.97
2.329 0.8754 -0.2 1.97
2.348 0.8678 -0.2 1.97
2.365 0.861 -0.2 1.97
2.379 0.8554 -0.2 1.97
2.398 0.8478 -0.2 1.97
2.415 0.841 -0.2 1.97
2.429 0.8354 -0.2 1.97
2.449 0.8274 -0.2 1.97
2.463 0.8218 -0.2 1.97
2.475 0.817 -0.2 1.97
2.487 0.8122 -0.2 1.97
2.502 0.807 -0.2 1.9692
2.52 0.807 -0.2 1.962
2.541 0.807 -0.2 1.9536
2.554 0.807 -0.2 1.9484
2.567 0.807 -0.2 1.9432
2.581 0.807 -0.2 1.9376
2.596 0.807 -0.2 1.9316
2.619 0.807 -0.2 1.9224
2.631 0.807 -0.2 1.9176
2.644 0.807 -0.2 1.9124
2.664 0.807 -0.2 1.9044
2.686 0.807 -0.2 1.8956
2.705 0.807 -0.2 1.888
2.72 0.807 -0.2 1.882
2.736 0.807 -0.2 1.8756
2.749 0.807 -0.2 1.8704
2.764 0.807 -0.2 1.8644
2.782 0.807 -0.2 1.8572
2.797 0.807 -0.2 1.8512
2.814 0.807 -0.2 1.8444
2.833 0.807 -0.2 1.8368
2.854 0.807 -0.2 1.8284
2.88 0.807 -0.2 1.818
2.892 0.807 -0.2 1.8132
2.914 0.807 -0.2 1.8044
2.935 0.807 -0.2 1.796
2.952 0.807 -0.2 1.7892
2.964 0.807 -0.2 1.7844
2.975 0.807 -0.2 1.78
2.992 0.807 -0.2 1.7732
3.015 0.807 -0.2 1.764
3.046 0.807 -0.2 1.7516
3.063 0.807 -0.2 1.7448
3.079 0.807 -0.2 1.7384
3.101 0.807 -0.2 1.7296
3.118 0.807 -0.2 1.7228
3.132 0.807 -0.2 1.7172
3.149 0.807 -0.2 1.7104
3.164 0.807 -0.2 1.7044
3.182 0.807 -0.2 1.6972
3.203 0.807 -0.2 1.6888
3.217 0.807 -0.2 1.6832
3.231 0.807 -0.2 1.6776
3.258 0.807 -0.2 1.6668
3.276 0.807 -0.2 1.6596
3.292 0.807 -0.2 1.6532
3.304 0.807 -0.2 1.6484
3.317 0.807 -0.2 1.6432
3.333 0.807 -0.2 1.6368
3.349 0.807 -0.2 1.6304
3.367 0.807 -0.2 1.6232
3.383 0.807 -0.2 1.6168
3.402 0.807 -0.2 1.6092
3.416 0.807 -0.2 1.6036
3.423 0.807 -0.2 1.6008
3.441 0.807 -0.2 1.5936
3.455 0.807 -0.2 1.588
3.46 0.807 -0.2 1.586
3.485 0.807 -0.2 1.576
3.499 0.807 -0.2 1.5704
3.515 0.807 -0.2 1.564
3.531 0.807 -0.2 1.5576
3.546 0.807 -0.2 1.5516
3.558 0.807 -0.2 1.5468
3.589 0.807 -0.2 1.5344
3.603 0.807 -0.2 1.5288
3.619 0.807 -0.2 1.5224
3.638 0.807 -0.2 1.5148
3.647 0.807 -0.2 1.5112
3.665 0.807 -0.2 1.504
3.69 0.807 -0.2 1.494
3.707 0.807 -0.2 1.4872
3.718 0.807 -0.2 1.4828
3.736 0.807 -0.2 1.4756
3.757 0.807 -0.2 1.4672
3.77 0.807 -0.2 1.462
3.787 0.807 -0.2 1.4552
3.798 0.807 -0.2 1.4508
3.818 0.807 -0.2 1.4428
3.837 0.807 -0.2 1.4352
3.852 0.807 -0.2 1.4292
3.869 0.807 -0.2 1.4224
3.886 0.807 -0.2 1.4156
3.905 0.807 -0.2 1.408
3.919 0.807 -0.2 1.4024
3.933 0.807 -0.2 1.3968
3.953 0.807 -0.2 1.3888
3.973 0.807 -0.2 1.3808
3.991 0.807 -0.2 1.3736
4.007 0.807 -0.2 1.3672
4.025 0.807 -0.2 1.36
4.037 0.807 -0.2 1.3552
4.055 0.807 -0.2 1.348
4.073 0.807 -0.2 1.3408
4.089 0.807 -0.2 1.3344
4.111 0.807 -0.2 1.3256
4.128 0.807 -0.2 1.3188
4.139 0.807 -0.2 1.3144
4.159 0.807 -0.2 1.3064
4.175 0.807 -0.2 1.3
4.18 0.807 -0.2 1.298
4.194 0.807 -0.2 1.2924
4.218 0.807 -0.2 1.2828
4.231 0.807 -0.2 1.2776
4.255 0.807 -0.2 1.268
4.271 0.807 -0.2 1.2616
4.292 0.807 -0.2 1.2532
4.307 0.807 -0.2 1.2472
4.321 0.807 -0.2 1.2416
4.336 0.807 -0.2 1.2356
4.356 0.807 -0.2 1.2276
4.373 0.807 -0.2 1.2208
4.39 0.807 -0.2 1.214
4.402 0.807 -0.2 1.2092
4.415 0.807 -0.2 1.204
4.432 0.807 -0.2 1.1972
4.446 0.807 -0.2 1.1916
4.465 0.807 -0.2 1.184
4.476 0.807 -0.2 1.1796
4.491 0.807 -0.2 1.1736
4.506 0.807 -0.2 1.1676
4.517 0.807 -0.2 1.1632
4.535 0.807 -0.2 1.156
4.553 0.807 -0.2 1.1488
4.569 0.807 -0.2 1.1424
4.586 0.807 -0.2 1.1356
4.6 0.807 -0.2 1.13
4.627 0.807 -0.2 1.1192
4.648 0.807 -0.2 1.1108
4.664 0.807 -0.2 1.1044
4.683 0.807 -0.2 1.0968
4.7 0.807 -0.2 1.09
4.714 0.807 -0.2 1.0844
4.73 0.807 -0.2 1.078
4.747 0.807 -0.2 1.0712
4.764 0.807 -0.2 1.0644
4.781 0.807 -0.2 1.0576
4.795 0.807 -0.2 1.052
4.816 0.807 -0.2 1.0436
4.834 0.807 -0.2 1.0364
4.849 0.807 -0.2 1.0304
4.869 0.807 -0.2 1.0224
4.882 0.807 -0.2 1.0172
4.907 0.807 -0.2 1.0072
4.919 0.807 -0.2 1.0024
4.933 0.807 -0.2 0.9968
4.95 0.807 -0.2 0.99
4.971 0.807 -0.2 0.9816
4.989 0.807 -0.2 0.9744
5.001 0.8074 -0.2 0.97
5.022 0.8158 -0.2 0.97
5.034 0.8206 -0.2 0.97
5.049 0.8266 -0.2 0.97
5.068 0.8342 -0.2 0.97
5.078 0.8382 -0.2 0.97
5.1 0.847 -0.2 0.97
5.139 0.8626 -0.2 0.97
5.154 0.8686 -0.2 0.97
5.183 0.8802 -0.2 0.97
5.227 0.8978 -0.2 0.97
5.256 0.9094 -0.2 0.97
5.29 0.923 -0.2 0.97
5.329 0.9386 -0.2 0.97
5.352 0.9478 -0.2 0.97
5.375 0.957 -0.2 0.97
5.389 0.9626 -0.2 0.97
5.402 0.9678 -0.2 0.97
5.419 0.9746 -0.2 0.97
5.432 0.9798 -0.2 0.97
5.45 0.987 -0.2 0.97
5.464 0.9926 -0.2 0.97
5.481 0.9994 -0.2 0.97
5.495 1.005 -0.2 0.97
5.509 1.0106 -0.2 0.97
5.527 1.0178 -0.2 0.97
5.544 1.0246 -0.2 0.97
5.55 1.027 -0.2 0.97
5.581 1.0394 -0.2 0.97
5.595 1.045 -0.2 0.97
5.614 1.0526 -0.2 0.97
5.63 1.059 -0.2 0.97
5.649 1.0666 -0.2 0.97
5.663 1.0722 -0.2 0.97
5.674 1.0766 -0.2 0.97
5.69 1.083 -0.2 0.97
5.7 1.087 -0.2 0.97
5.712 1.0918 -0.2 0.97
5.72 1.095 -0.2 0.97
5.734 1.1006 -0.2 0.97
5.746 1.1054 -0.2 0.97
5.764 1.1126 -0.2 0.97
5.786 1.1214 -0.2 0.97
5.807 1.1298 -0.2 0.97
5.836 1.1414 -0.2 0.97
5.853 1.1482 -0.2 0.97
5.871 1.1554 -0.2 0.97
5.885 1.161 -0.2 0.97
5.903 1.1682 -0.2 0.97
5.919 1.1746 -0.2 0.97
5.941 1.1834 -0.2 0.97
5.959 1.1906 -0.2 0.97
5.975 1.197 -0.2 0.97
5.988 1.2022 -0.2 0.97
6.003 1.2082 -0.2 0.97
6.027 1.2178 -0.2 0.97
6.052 1.2278 -0.2 0.97
6.067 1.2338 -0.2 0.97
6.092 1.2438 -0.2 0.97
6.104 1.2486 -0.2 0.97
6.122 1.2558 -0.2 0.97
6.134 1.2606 -0.2 0.97
6.149 1.2666 -0.2 0.97
6.171 1.2754 -0.2 0.97
6.186 1.2814 -0.2 0.97
6.2 1.287 -0.2 0.97
6.212 1.2918 -0.2 0.97
6.228 1.2982 -0.2 0.97
6.244 1.3046 -0.2 0.97
6.263 1.3122 -0.2 0.97
6.28 1.319 -0.2 0.97
6.288 1.3222 -0.2 0.97
6.298 1.3262 -0.2 0.97
6.31 1.331 -0.2 0.97
6.328 1.3382 -0.2 0.97
6.35 1.347 -0.2 0.97
6.367 1.3538 -0.2 0.97
6.382 1.3598 -0.2 0.97
6.403 1.3682 -0.2 0.97
6.424 1.3766 -0.2 0.97
6.441 1.3834 -0.2 0.97
6.46 1.391 -0.2 0.97
6.475 1.397 -0.2 0.97
6.486 1.4014 -0.2 0.97
6.501 1.4074 -0.2 0.97
6.517 1.4138 -0.2 0.97
6.531 1.4194 -0.2 0.97
6.546 1.4254 -0.2 0.97
6.571 1.4354 -0.2 0.97
6.589 1.4426 -0.2 0.97
6.624 1.4566 -0.2 0.97
6.65 1.467 -0.2 0.97
6.657 1.4698 -0.2 0.97
6.666 1.4734 -0.2 0.97
6.691 1.4834 -0.2 0.97
6.732 1.4998 -0.2 0.97
6.753 1.5082 -0.2 0.97
6.775 1.517 -0.2 0.97
6.805 1.529 -0.2 0.97
6.83 1.539 -0.2 0.97
6.851 1.5474 -0.2 0.97
6.896 1.5654 -0.2 0.97
6.93 1.579 -0.2 0.97
6.957 1.5898 -0.2 0.97
6.976 1.5974 -0.2 0.97
6.989 1.6026 -0.2 0.97
7.007 1.6098 -0.2 0.97
7.025 1.617 -0.2 0.97
7.049 1.6266 -0.2 0.97
7.065 1.633 -0.2 0.97
7.085 1.641 -0.2 0.97
7.097 1.6458 -0.2 0.97
7.115 1.653 -0.2 0.97
7.135 1.661 -0.2 0.97
7.15 1.667 -0.2 0.97
7.166 1.6734 -0.2 0.97
7.189 1.6826 -0.2 0.97
7.202 1.6878 -0.2 0.97
7.219 1.6946 -0.2 0.97
7.243 1.7042 -0.2 0.97
7.255 1.709 -0.2 0.97
7.269 1.7146 -0.2 0.97
7.283 1.7202 -0.2 0.97
7.298 1.7262 -0.2 0.97
7.318 1.7342 -0.2 0.97
7.333 1.7402 -0.2 0.97
7.35 1.747 -0.2 0.97
7.366 1.7534 -0.2 0.97
7.382 1.7598 -0.2 0.97
7.405 1.769 -0.2 0.97
7.419 1.7746 -0.2 0.97
7.436 1.7814 -0.2 0.97
7.453 1.7882 -0.2 0.97
7.472 1.7958 -0.2 0.97
7.486 1.8014 -0.2 0.97
7.506 1.807 -0.2 0.9724
7.525 1.807 -0.2 0.98
7.543 1.807 -0.2 0.9872
7.559 1.807 -0.2 0.9936
7.587 1.807 -0.2 1.0048
7.6 1.807 -0.2 1.01
7.619 1.807 -0.2 1.0176
7.636 1.807 -0.2 1.0244
7.645 1.807 -0.2 1.028
7.664 1.807 -0.2 1.0356
7.684 1.807 -0.2 1.0436
7.697 1.807 -0.2 1.0488
7.717 1.807 -0.2 1.0568
7.729 1.807 -0.2 1.0616
7.739 1.807 -0.2 1.0656
7.75 1.807 -0.2 1.07
7.764 1.807 -0.2 1.0756
7.776 1.807 -0.2 1.0804
7.791 1.807 -0.2 1.0864
7.808 1.807 -0.2 1.0932
7.821 1.807 -0.2 1.0984
7.836 1.807 -0.2 1.1044
7.855 1.807 -0.2 1.112
7.874 1.807 -0.2 1.1196
7.896 1.807 -0.2 1.1284
7.912 1.807 -0.2 1.1348
7.929 1.807 -0.2 1.1416
7.949 1.807 -0.2 1.1496
7.965 1.807 -0.2 1.156
7.979 1.807 -0.2 1.1616
7.992 1.807 -0.2 1.1668
8.012 1.807 -0.2 1.1748
8.029 1.807 -0.2 1.1816
8.037 1.807 -0.2 1.1848
8.053 1.807 -0.2 1.1912
8.069 1.807 -0.2 1.1976
8.087 1.807 -0.2 1.2048
8.102 1.807 -0.2 1.2108
8.119 1.807 -0.2 1.2176
8.134 1.807 -0.2 1.2236
8.154 1.807 -0.2 1.2316
8.164 1.807 -0.2 1.2356
8.19 1.807 -0.2 1.246
8.205 1.807 -0.2 1.252
8.217 1.807 -0.2 1.2568
8.234 1.807 -0.2 1.2636
8.24 1.807 -0.2 1.266
8.256 1.807 -0.2 1.2724
8.269 1.807 -0.2 1.2776
8.286 1.807 -0.2 1.2844
8.305 1.807 -0.2 1.292
8.317 1.807 -0.2 1.2968
8.335 1.807 -0.2 1.304
8.351 1.807 -0.2 1.3104
8.372 1.807 -0.2 1.3188
8.398 1.807 -0.2 1.3292
8.416 1.807 -0.2 1.3364
8.43 1.807 -0.2 1.342
8.447 1.807 -0.2 1.3488
8.467 1.807 -0.2 1.3568
8.493 1.807 -0.2 1.3672
8.511 1.807 -0.2 1.3744
8.527 1.807 -0.2 1.3808
8.544 1.807 -0.2 1.3876
8.563 1.807 -0.2 1.3952
8.58 1.807 -0.2 1.402
8.601 1.807 -0.2 1.4104
8.614 1.807 -0.2 1.4156
8.626 1.807 -0.2 1.4204
8.644 1.807 -0.2 1.4276
8.661 1.807 -0.2 1.4344
8.675 1.807 -0.2 1.44
8.687 1.807 -0.2 1.4448
8.708 1.807 -0.2 1.4532
8.733 1.807 -0.2 1.4632
8.747 1.807 -0.2 1.4688
8.767 1.807 -0.2 1.4768
8.787 1.807 -0.2 1.4848
8.805 1.807 -0.2 1.492
8.819 1.807 -0.2 1.4976
8.835 1.807 -0.2 1.504
8.853 1.807 -0.2 1.5112
8.874 1.807 -0.2 1.5196
8.885 1.807 -0.2 1.524
8.904 1.807 -0.2 1.5316
8.919 1.807 -0.2 1.5376
8.933 1.807 -0.2 1.5432
8.952 1.807 -0.2 1.5508
8.969 1.807 -0.2 1.5576
8.993 1.807 -0.2 1.5672
9.008 1.807 -0.2 1.5732
9.021 1.807 -0.2 1.5784
9.034 1.807 -0.2 1.5836
9.054 1.807 -0.2 1.5916
9.066 1.807 -0.2 1.5964
9.092 1.807 -0.2 1.6068
9.106 1.807 -0.2 1.6124
9.121 1.807 -0.2 1.6184
9.145 1.807 -0.2 1.628
9.165 1.807 -0.2 1.636
9.177 1.807 -0.2 1.6408
9.195 1.807 -0.2 1.648
9.211 1.807 -0.2 1.6544
9.225 1.807 -0.2 1.66
9.239 1.807 -0.2 1.6656
9.252 1.807 -0.2 1.6708
9.267 1.807 -0.2 1.6768
9.282 1.807 -0.2 1.6828
9.3 1.807 -0.2 1.69
9.314 1.807 -0.2 1.6956
9.331 1.807 -0.2 1.7024
9.346 1.807 -0.2 1.7084
9.358 1.807 -0.2 1.7132
9.373 1.807 -0.2 1.7192
9.392 1.807 -0.2 1.7268
9.406 1.807 -0.2 1.7324
9.418 1.807 -0.2 1.7372
9.432 1.807 -0.2 1.7428
9.443 1.807 -0.2 1.7472
9.467 1.807 -0.2 1.7568
9.482 1.807 -0.2 1.7628
9.501 1.807 -0.2 1.7704
9.52 1.807 -0.2 1.778
9.537 1.807 -0.2 1.7848
9.551 1.807 -0.2 1.7904
9.569 1.807 -0.2 1.7976
9.583 1.807 -0.2 1.8032
9.599 1.807 -0.2 1.8096
9.612 1.807 -0.2 1.8148
9.629 1.807 -0.2 1.8216
9.649 1.807 -0.2 1.8296
9.66 1.807 -0.2 1.834
9.681 1.807 -0.2 1.8424
9.698 1.807 -0.2 1.8492
9.71 1.807 -0.2 1.854
9.725 1.807 -0.2 1.86
9.74 1.807 -0.2 1.866
9.76 1.807 -0.2 1.874
9.774 1.807 -0.2 1.8796
9.793 1.807 -0.2 1.8872
9.808 1.807 -0.2 1.8932
9.822 1.807 -0.2 1.8988
9.834 1.807 -0.2 1.9036
9.841 1.807 -0.2 1.9064
9.861 1.807 -0.2 1.9144
9.88 1.807 -0.2 1.922
9.909 1.807 -0.2 1.9336
9.928 1.807 -0.2 1.9412
9.946 1.807 -0.2 1.9484
9.985 1.807 -0.2 1.964
10.004 1.8054 -0.2 1.97
10.018 1.7998 -0.2 1.97
10.042 1.7902 -0.2 1.97
10.073 1.7778 -0.2 1.97
10.091 1.7706 -0.2 1.97
10.105 1.765 -0.2 1.97
10.119 1.7594 -0.2 1.97
10.141 1.7506 -0.2 1.97
10.155 1.745 -0.2 1.97
10.174 1.7374 -0.2 1.97
10.192 1.7302 -0.2 1.97
10.205 1.725 -0.2 1.97
10.215 1.721 -0.2 1.97
10.234 1.7134 -0.2 1.97
10.247 1.7082 -0.2 1.97
10.269 1.6994 -0.2 1.97
10.28 1.695 -0.2 1.97
10.293 1.6898 -0.2 1.97
10.305 1.685 -0.2 1.97
10.323 1.6778 -0.2 1.97
10.348 1.6678 -0.2 1.97
10.372 1.6582 -0.2 1.97
10.392 1.6502 -0.2 1.97
10.408 1.6438 -0.2 1.97
10.435 1.633 -0.2 1.97
10.452 1.6262 -0.2 1.97
10.465 1.621 -0.2 1.97
10.478 1.6158 -0.2 1.97
10.492 1.6102 -0.2 1.97
10.511 1.6026 -0.2 1.97
10.523 1.5978 -0.2 1.97
10.533 1.5938 -0.2 1.97
10.553 1.5858 -0.2 1.97
10.565 1.581 -0.2 1.97
10.582 1.5742 -0.2 1.97
10.594 1.5694 -0.2 1.97
10.614 1.5614 -0.2 1.97
10.625 1.557 -0.2 1.97
10.642 1.5502 -0.2 1.97
10.655 1.545 -0.2 1.97
10.668 1.5398 -0.2 1.97
10.683 1.5338 -0.2 1.97
10.701 1.5266 -0.2 1.97
10.72 1.519 -0.2 1.97
10.737 1.5122 -0.2 1.97
10.748 1.5078 -0.2 1.97
10.767 1.5002 -0.2 1.97
10.779 1.4954 -0.2 1.97
10.792 1.4902 -0.2 1.97
10.809 1.4834 -0.2 1.97
10.826 1.4766 -0.2 1.97
10.843 1.4698 -0.2 1.97
10.86 1.463 -0.2 1.97
10.877 1.4562 -0.2 1.97
10.892 1.4502 -0.2 1.97
10.907 1.4442 -0.2 1.97
10.921 1.4386 -0.2 1.97
10.939 1.4314 -0.2 1.97
10.952 1.4262 -0.2 1.97
10.968 1.4198 -0.2 1.97
10.979 1.4154 -0.2 1.97
10.998 1.4078 -0.2 1.97
11.019 1.3994 -0.2 1.97
11.037 1.3922 -0.2 1.97
11.054 1.3854 -0.2 1.97
11.078 1.3758 -0.2 1.97
11.1 1.367 -0.2 1.97
11.12 1.359 -0.2 1.97
11.129 1.3554 -0.2 1.97
11.142 1.3502 -0.2 1.97
11.163 1.3418 -0.2 1.97
11.18 1.335 -0.2 1.97
11.199 1.3274 -0.2 1.97
11.217 1.3202 -0.2 1.97
11.228 1.3158 -0.2 1.97
11.246 1.3086 -0.2 1.97
11.261 1.3026 -0.2 1.97
11.28 1.295 -0.2 1.97
11.299 1.2874 -0.2 1.97
11.315 1.281 -0.2 1.97
11.331 1.2746 -0.2 1.97
11.342 1.2702 -0.2 1.97
11.357 1.2642 -0.2 1.97
11.379 1.2554 -0.2 1.97
11.396 1.2486 -0.2 1.97
11.41 1.243 -0.2 1.97
11.428 1.2358 -0.2 1.97
11.445 1.229 -0.2 1.97
11.457 1.2242 -0.2 1.97
11.479 1.2154 -0.2 1.97
11.502 1.2062 -0.2 1.97
11.515 1.201 -0.2 1.97
11.532 1.1942 -0.2 1.97
11.55 1.187 -0.2 1.97
11.566 1.1806 -0.2 1.97
11.581 1.1746 -0.2 1.97
11.597 1.1682 -0.2 1.97
11.614 1.1614 -0.2 1.97
11.629 1.1554 -0.2 1.97
11.651 1.1466 -0.2 1.97
11.667 1.1402 -0.2 1.97
11.676 1.1366 -0.2 1.97
11.689 1.1314 -0.2 1.97
11.706 1.1246 -0.2 1.97
11.72 1.119 -0.2 1.97
11.736 1.1126 -0.2 1.97
11.751 1.1066 -0.2 1.97
11.761 1.1026 -0.2 1.97
11.775 1.097 -0.2 1.97
11.792 1.0902 -0.2 1.97
11.804 1.0854 -0.2 1.97
11.822 1.0782 -0.2 1.97
11.832 1.0742 -0.2 1.97
11.844 1.0694 -0.2 1.97
11.859 1.0634 -0.2 1.97
11.872 1.0582 -0.2 1.97
11.884 1.0534 -0.2 1.97
11.905 1.045 -0.2 1.97
11.921 1.0386 -0.2 1.97
11.937 1.0322 -0.2 1.97
11.951 1.0266 -0.2 1.97
11.963 1.0218 -0.2 1.97
11.98 1.015 -0.2 1.97
12.007 1.0042 -0.2 1.97
12.018 0.9998 -0.2 1.97
12.027 0.9962 -0.2 1.97
12.046 0.9886 -0.2 1.97
12.062 0.9822 -0.2 1.97
12.079 0.9754 -0.2 1.97
12.096 0.9686 -0.2 1.97
12.113 0.9618 -0.2 1.97
12.135 0.953 -0.2 1.97
12.153 0.9458 -0.2 1.97
12.17 0.939 -0.2 1.97
12.191 0.9306 -0.2 1.97
12.204 0.9254 -0.2 1.97
12.221 0.9186 -0.2 1.97
12.235 0.913 -0.2 1.97
12.249 0.9074 -0.2 1.97
12.258 0.9038 -0.2 1.97
12.27 0.899 -0.2 1.97
12.285 0.893 -0.2 1.97
12.299 0.8874 -0.2 1.97
12.321 0.8786 -0.2 1.97
12.34 0.871 -0.2 1.97
12.37 0.859 -0.2 1.97
12.38 0.855 -0.2 1.97
12.401 0.8466 -0.2 1.97
12.415 0.841 -0.2 1.97
12.433 0.8338 -0.2 1.97
12.446 0.8286 -0.2 1.97
12.464 0.8214 -0.2 1.97
12.481 0.8146 -0.2 1.97
12.499 0.8074 -0.2 1.97
12.518 0.807 -0.2 1.9628
12.538 0.807 -0.2 1.9548
12.56 0.807 -0.2 1.946
12.575 0.807 -0.2 1.94
12.593 0.807 -0.2 1.9328
12.606 0.807 -0.2 1.9276
12.615 0.807 -0.2 1.924
12.631 0.807 -0.2 1.9176
12.643 0.807 -0.2 1.9128
12.659 0.807 -0.2 1.9064
12.679 0.807 -0.2 1.8984
12.689 0.807 -0.2 1.8944
12.701 0.807 -0.2 1.8896
12.724 0.807 -0.2 1.8804
12.737 0.807 -0.2 1.8752
12.754 0.807 -0.2 1.8684
12.776 0.807 -0.2 1.8596
12.801 0.807 -0.2 1.8496
12.821 0.807 -0.2 1.8416
12.844 0.807 -0.2 1.8324
12.869 0.807 -0.2 1.8224
12.882 0.807 -0.2 1.8172
12.893 0.807 -0.2 1.8128
12.907 0.807 -0.2 1.8072
12.926 0.807 -0.2 1.7996
12.943 0.807 -0.2 1.7928
12.956 0.807 -0.2 1.7876
12.976 0.807 -0.2 1.7796
12.99 0.807 -0.2 1.774
13.004 0.807 -0.2 1.7684
13.023 0.807 -0.2 1.7608
13.05 0.807 -0.2 1.75
13.07 0.807 -0.2 1.742
13.091 0.807 -0.2 1.7336
13.101 0.807 -0.2 1.7296
13.121 0.807 -0.2 1.7216
13.138 0.807 -0.2 1.7148
13.153 0.807 -0.2 1.7088
13.175 0.807 -0.2 1.7
13.189 0.807 -0.2 1.6944
13.214 0.807 -0.2 1.6844
13.234 0.807 -0.2 1.6764
13.251 0.807 -0.2 1.6696
13.266 0.807 -0.2 1.6636
13.278 0.807 -0.2 1.6588
13.295 0.807 -0.2 1.652
13.308 0.807 -0.2 1.6468
13.323 0.807 -0.2 1.6408
13.338 0.807 -0.2 1.6348
13.362 0.807 -0.2 1.6252
13.379 0.807 -0.2 1.6184
13.396 0.807 -0.2 1.6116
13.408 0.807 -0.2 1.6068
13.425 0.807 -0.2 1.6
13.439 0.807 -0.2 1.5944
13.457 0.807 -0.2 1.5872
13.467 0.807 -0.2 1.5832
13.482 0.807 -0.2 1.5772
13.505 0.807 -0.2 1.568
13.521 0.807 -0.2 1.5616
13.538 0.807 -0.2 1.5548
13.552 0.807 -0.2 1.5492
13.572 0.807 -0.2 1.5412
13.592 0.807 -0.2 1.5332
13.61 0.807 -0.2 1.526
13.624 0.807 -0.2 1.5204
13.636 0.807 -0.2 1.5156
13.651 0.807 -0.2 1.5096
13.668 0.807 -0.2 1.5028
13.686 0.807 -0.2 1.4956
13.707 0.807 -0.2 1.4872
13.723 0.807 -0.2 1.4808
13.737 0.807 -0.2 1.4752
13.752 0.807 -0.2 1.4692
13.762 0.807 -0.2 1.4652
13.775 0.807 -0.2 1.46
13.791 0.807 -0.2 1.4536
13.807 0.807 -0.2 1.4472
13.822 0.807 -0.2 1.4412
13.835 0.807 -0.2 1.436
13.845 0.807 -0.2 1.432
13.861 0.807 -0.2 1.4256
13.883 0.807 -0.2 1.4168
13.897 0.807 -0.2 1.4112
13.917 0.807 -0.2 1.4032
13.932 0.807 -0.2 1.3972
13.953 0.807 -0.2 1.3888
13.971 0.807 -0.2 1.3816
13.991 0.807 -0.2 1.3736
14.003 0.807 -0.2 1.3688
14.016 0.807 -0.2 1.3636
14.033 0.807 -0.2 1.3568
14.059 0.807 -0.2 1.3464
14.082 0.807 -0.2 1.3372
14.1 0.807 -0.2 1.33
14.115 0.807 -0.2 1.324
14.129 0.807 -0.2 1.3184
14.145 0.807 -0.2 1.312
14.163 0.807 -0.2 1.3048
14.177 0.807 -0.2 1.2992
14.195 0.807 -0.2 1.292
14.208 0.807 -0.2 1.2868
14.226 0.807 -0.2 1.2796
14.247 0.807 -0.2 1.2712
14.257 0.807 -0.2 1.2672
14.28 0.807 -0.2 1.258
14.3 0.807 -0.2 1.25
14.311 0.807 -0.2 1.2456
14.326 0.807 -0.2 1.2396
14.337 0.807 -0.2 1.2352
14.353 0.807 -0.2 1.2288
14.368 0.807 -0.2 1.2228
14.384 0.807 -0.2 1.2164
14.397 0.807 -0.2 1.2112
14.415 0.807 -0.2 1.204
14.428 0.807 -0.2 1.1988
14.443 0.807 -0.2 1.1928
14.462 0.807 -0.2 1.1852
14.481 0.807 -0.2 1.1776
14.491 0.807 -0.2 1.1736
14.506 0.807 -0.2 1.1676
14.516 0.807 -0.2 1.1636
14.53 0.807 -0.2 1.158
14.548 0.807 -0.2 1.1508
14.557 0.807 -0.2 1.1472
14.576 0.807 -0.2 1.1396
14.588 0.807 -0.2 1.1348
14.608 0.807 -0.2 1.1268
14.623 0.807 -0.2 1.1208
14.638 0.807 -0.2 1.1148
14.647 0.807 -0.2 1.1112
14.669 0.807 -0.2 1.1024
14.686 0.807 -0.2 1.0956
14.701 0.807 -0.2 1.0896
14.717 0.807 -0.2 1.0832
14.726 0.807 -0.2 1.0796
14.748 0.807 -0.2 1.0708
14.762 0.807 -0.2 1.0652
14.776 0.807 -0.2 1.0596
14.794 0.807 -0.2 1.0524
14.81 0.807 -0.2 1.046
14.829 0.807 -0.2 1.0384
14.85 0.807 -0.2 1.03
14.861 0.807 -0.2 1.0256
14.88 0.807 -0.2 1.018
14.898 0.807 -0.2 1.0108
14.911 0.807 -0.2 1.0056
14.933 0.807 -0.2 0.9968
14.959 0.807 -0.2 0.9864
14.978 0.807 -0.2 0.9788
14.99 0.807 -0.2 0.974
15.005 0.809 -0.2 0.97
15.031 0.8194 -0.2 0.97
15.049 0.8266 -0.2 0.97
15.063 0.8322 -0.2 0.97
15.071 0.8354 -0.2 0.97
15.089 0.8426 -0.2 0.97
15.109 0.8506 -0.2 0.97
15.12 0.855 -0.2 0.97
15.137 0.8618 -0.2 0.97
15.153 0.8682 -0.2 0.97
15.172 0.8758 -0.2 0.97
15.182 0.8798 -0.2 0.97
15.203 0.8882 -0.2 0.97
15.221 0.8954 -0.2 0.97
15.241 0.9034 -0.2 0.97
15.257 0.9098 -0.2 0.97
15.277 0.9178 -0.2 0.97
15.296 0.9254 -0.2 0.97
15.319 0.9346 -0.2 0.97
15.334 0.9406 -0.2 0.97
15.347 0.9458 -0.2 0.97
15.366 0.9534 -0.2 0.97
15.378 0.9582 -0.2 0.97
15.395 0.965 -0.2 0.97
15.417 0.9738 -0.2 0.97
15.436 0.9814 -0.2 0.97
15.456 0.9894 -0.2 0.97
15.476 0.9974 -0.2 0.97
15.49 1.003 -0.2 0.97
15.506 1.0094 -0.2 0.97
15.518 1.0142 -0.2 0.97
15.536 1.0214 -0.2 0.97
15.557 1.0298 -0.2 0.97
15.57 1.035 -0.2 0.97
15.586 1.0414 -0.2 0.97
15.6 1.047 -0.2 0.97
15.618 1.0542 -0.2 0.97
15.631 1.0594 -0.2 0.97
15.639 1.0626 -0.2 0.97
15.661 1.0714 -0.2 0.97
15.68 1.079 -0.2 0.97
15.694 1.0846 -0.2 0.97
15.708 1.0902 -0.2 0.97
15.729 1.0986 -0.2 0.97
15.746 1.1054 -0.2 0.97
15.767 1.1138 -0.2 0.97
15.785 1.121 -0.2 0.97
15.799 1.1266 -0.2 0.97
15.815 1.133 -0.2 0.97
15.833 1.1402 -0.2 0.97
15.844 1.1446 -0.2 0.97
15.86 1.151 -0.2 0.97
15.872 1.1558 -0.2 0.97
15.889 1.1626 -0.2 0.97
15.9 1.167 -0.2 0.97
15.918 1.1742 -0.2 0.97
15.934 1.1806 -0.2 0.97
15.952 1.1878 -0.2 0.97
15.971 1.1954 -0.2 0.97
15.984 1.2006 -0.2 0.97
16.014 1.2126 -0.2 0.97
16.03 1.219 -0.2 0.97
16.047 1.2258 -0.2 0.97
16.062 1.2318 -0.2 0.97
16.079 1.2386 -0.2 0.97
16.089 1.2426 -0.2 0.97
16.103 1.2482 -0.2 0.97
16.128 1.2582 -0.2 0.97
16.149 1.2666 -0.2 0.97
16.169 1.2746 -0.2 0.97
16.186 1.2814 -0.2 0.97
16.2 1.287 -0.2 0.97
16.211 1.2914 -0.2 0.97
16.219 1.2946 -0.2 0.97
16.242 1.3038 -0.2 0.97
16.257 1.3098 -0.2 0.97
16.272 1.3158 -0.2 0.97
16.29 1.323 -0.2 0.97
16.303 1.3282 -0.2 0.97
16.315 1.333 -0.2 0.97
16.332 1.3398 -0.2 0.97
16.348 1.3462 -0.2 0.97
16.368 1.3542 -0.2 0.97
16.387 1.3618 -0.2 0.97
16.401 1.3674 -0.2 0.97
16.416 1.3734 -0.2 0.97
16.432 1.3798 -0.2 0.97
16.45 1.387 -0.2 0.97
16.465 1.393 -0.2 0.97
16.476 1.3974 -0.2 0.97
16.497 1.4058 -0.2 0.97
16.51 1.411 -0.2 0.97
16.531 1.4194 -0.2 0.97
16.545 1.425 -0.2 0.97
16.565 1.433 -0.2 0.97
16.589 1.4426 -0.2 0.97
16.603 1.4482 -0.2 0.97
16.62 1.455 -0.2 0.97
16.63 1.459 -0.2 0.97
16.654 1.4686 -0.2 0.97
16.673 1.4762 -0.2 0.97
16.687 1.4818 -0.2 0.97
16.699 1.4866 -0.2 0.97
16.715 1.493 -0.2 0.97
16.729 1.4986 -0.2 0.97
16.745 1.505 -0.2 0.97
16.757 1.5098 -0.2 0.97
16.774 1.5166 -0.2 0.97
16.787 1.5218 -0.2 0.97
16.805 1.529 -0.2 0.97
16.822 1.5358 -0.2 0.97
16.836 1.5414 -0.2 0.97
16.849 1.5466 -0.2 0.97
16.865 1.553 -0.2 0.97
16.879 1.5586 -0.2 0.97
16.897 1.5658 -0.2 0.97
16.914 1.5726 -0.2 0.97
16.934 1.5806 -0.2 0.97
16.961 1.5914 -0.2 0.97
16.973 1.5962 -0.2 0.97
16.987 1.6018 -0.2 0.97
16.999 1.6066 -0.2 0.97
17.016 1.6134 -0.2 0.97
17.031 1.6194 -0.2 0.97
17.042 1.6238 -0.2 0.97
17.063 1.6322 -0.2 0.97
17.077 1.6378 -0.2 0.97
17.094 1.6446 -0.2 0.97
17.112 1.6518 -0.2 0.97
17.129 1.6586 -0.2 0.97
17.141 1.6634 -0.2 0.97
17.159 1.6706 -0.2 0.97
17.18 1.679 -0.2 0.97
17.193 1.6842 -0.2 0.97
17.212 1.6918 -0.2 0.97
17.234 1.7006 -0.2 0.97
17.259 1.7106 -0.2 0.97
17.278 1.7182 -0.2 0.97
17.296 1.7254 -0.2 0.97
17.314 1.7326 -0.2 0.97
17.332 1.7398 -0.2 0.97
17.351 1.7474 -0.2 0.97
17.365 1.753 -0.2 0.97
17.384 1.7606 -0.2 0.97
17.397 1.7658 -0.2 0.97
17.409 1.7706 -0.2 0.97
17.42 1.775 -0.2 0.97
17.437 1.7818 -0.2 0.97
17.452 1.7878 -0.2 0.97
17.47 1.795 -0.2 0.97
17.484 1.8006 -0.2 0.97
17.498 1.8062 -0.2 0.97
17.522 1.807 -0.2 0.9788
17.534 1.807 -0.2 0.9836
17.549 1.807 -0.2 0.9896
17.562 1.807 -0.2 0.9948
17.575 1.807 -0.2 1
17.584 1.807 -0.2 1.0036
17.601 1.807 -0.2 1.0104
17.619 1.807 -0.2 1.0176
17.636 1.807 -0.2 1.0244
17.653 1.807 -0.2 1.0312
17.664 1.807 -0.2 1.0356
17.678 1.807 -0.2 1.0412
17.694 1.807 -0.2 1.0476
17.704 1.807 -0.2 1.0516
17.72 1.807 -0.2 1.058
17.743 1.807 -0.2 1.0672
17.762 1.807 -0.2 1.0748
17.775 1.807 -0.2 1.08
17.793 1.807 -0.2 1.0872
17.808 1.807 -0.2 1.0932
17.819 1.807 -0.2 1.0976
17.83 1.807 -0.2 1.102
17.842 1.807 -0.2 1.1068
17.86 1.807 -0.2 1.114
17.876 1.807 -0.2 1.1204
17.891 1.807 -0.2 1.1264
17.906 1.807 -0.2 1.1324
17.929 1.807 -0.2 1.1416
17.953 1.807 -0.2 1.1512
17.971 1.807 -0.2 1.1584
17.987 1.807 -0.2 1.1648
18.006 1.807 -0.2 1.1724
18.03 1.807 -0.2 1.182
18.046 1.807 -0.2 1.1884
18.067 1.807 -0.2 1.1968
18.08 1.807 -0.2 1.202
18.097 1.807 -0.2 1.2088
18.115 1.807 -0.2 1.216
18.139 1.807 -0.2 1.2256
18.158 1.807 -0.2 1.2332
18.172 1.807 -0.2 1.2388
18.182 1.807 -0.2 1.2428
18.202 1.807 -0.2 1.2508
18.216 1.807 -0.2 1.2564
18.235 1.807 -0.2 1.264
18.25 1.807 -0.2 1.27
18.266 1.807 -0.2 1.2764
18.288 1.807 -0.2 1.2852
18.303 1.807 -0.2 1.2912
18.316 1.807 -0.2 1.2964
18.328 1.807 -0.2 1.3012
18.344 1.807 -0.2 1.3076
18.363 1.807 -0.2 1.3152
18.389 1.807 -0.2 1.3256
18.407 1.807 -0.2 1.3328
18.418 1.807 -0.2 1.3372
18.432 1.807 -0.2 1.3428
18.447 1.807 -0.2 1.3488
18.461 1.807 -0.2 1.3544
18.481 1.807 -0.2 1.3624
18.502 1.807 -0.2 1.3708
18.515 1.807 -0.2 1.376
18.551 1.807 -0.2 1.3904
18.562 1.807 -0.2 1.3948
18.579 1.807 -0.2 1.4016
18.594 1.807 -0.2 1.4076
18.613 1.807 -0.2 1.4152
18.632 1.807 -0.2 1.4228
18.649 1.807 -0.2 1.4296
18.66 1.807 -0.2 1.434
18.671 1.807 -0.2 1.4384
18.685 1.807 -0.2 1.444
18.701 1.807 -0.2 1.4504
18.716 1.807 -0.2 1.4564
18.732 1.807 -0.2 1.4628
18.748 1.807 -0.2 1.4692
18.766 1.807 -0.2 1.4764
18.78 1.807 -0.2 1.482
18.798 1.807 -0.2 1.4892
18.809 1.807 -0.2 1.4936
18.825 1.807 -0.2 1.5
18.843 1.807 -0.2 1.5072
18.872 1.807 -0.2 1.5188
18.886 1.807 -0.2 1.5244
18.895 1.807 -0.2 1.528
18.914 1.807 -0.2 1.5356
18.929 1.807 -0.2 1.5416
18.947 1.807 -0.2 1.5488
18.963 1.807 -0.2 1.5552
18.98 1.807 -0.2 1.562
18.995 1.807 -0.2 1.568
19.01 1.807 -0.2 1.574
19.026 1.807 -0.2 1.5804
19.041 1.807 -0.2 1.5864
19.055 1.807 -0.2 1.592
19.067 1.807 -0.2 1.5968
19.089 1.807 -0.2 1.6056
19.103 1.807 -0.2 1.6112
19.113 1.807 -0.2 1.6152
19.135 1.807 -0.2 1.624
19.149 1.807 -0.2 1.6296
19.166 1.807 -0.2 1.6364
19.184 1.807 -0.2 1.6436
19.204 1.807 -0.2 1.6516
19.216 1.807 -0.2 1.6564
19.229 1.807 -0.2 1.6616
19.244 1.807 -0.2 1.6676
19.258 1.807 -0.2 1.6732
19.284 1.807 -0.2 1.6836
19.3 1.807 -0.2 1.69
19.317 1.807 -0.2 1.6968
19.339 1.807 -0.2 1.7056
19.356 1.807 -0.2 1.7124
19.371 1.807 -0.2 1.7184
19.391 1.807 -0.2 1.7264
19.406 1.807 -0.2 1.7324
19.424 1.807 -0.2 1.7396
19.438 1.807 -0.2 1.7452
19.458 1.807 -0.2 1.7532
19.482 1.807 -0.2 1.7628
19.499 1.807 -0.2 1.7696
19.511 1.807 -0.2 1.7744
19.527 1.807 -0.2 1.7808
19.545 1.807 -0.2 1.788
19.556 1.807 -0.2 1.7924
19.568 1.807 -0.2 1.7972
19.583 1.807 -0.2 1.8032
19.597 1.807 -0.2 1.8088
19.613 1.807 -0.2 1.8152
19.634 1.807 -0.2 1.8236
19.649 1.807 -0.2 1.8296
19.664 1.807 -0.2 1.8356
19.68 1.807 -0.2 1.842
19.697 1.807 -0.2 1.8488
19.714 1.807 -0.2 1.8556
19.728 1.807 -0.2 1.8612
19.737 1.807 -0.2 1.8648
19.761 1.807 -0.2 1.8744
19.779 1.807 -0.2 1.8816
19.788 1.807 -0.2 1.8852
19.802 1.807 -0.2 1.8908
19.816 1.807 -0.2 1.8964
19.833 1.807 -0.2 1.9032
19.853 1.807 -0.2 1.9112
19.874 1.807 -0.2 1.9196
19.889 1.807 -0.2 1.9256
19.904 1.807 -0.2 1.9316
19.923 1.807 -0.2 1.9392
19.939 1.807 -0.2 1.9456
19.956 1.807 -0.2 1.9524
19.969 1.807 -0.2 1.9576
19.978 1.807 -0.2 1.9612
19.989 1.807 -0.2 1.9656
20.006 1.8046 -0.2 1.97
20.018 1.7998 -0.2 1.97
20.031 1.7946 -0.2 1.97
20.049 1.7874 -0.2 1.97
20.077 1.7762 -0.2 1.97
20.088 1.7718 -0.2 1.97
20.112 1.7622 -0.2 1.97
20.136 1.7526 -0.2 1.97
20.151 1.7466 -0.2 1.97
20.165 1.741 -0.2 1.97
20.18 1.735 -0.2 1.97
20.194 1.7294 -0.2 1.97
20.215 1.721 -0.2 1.97
20.233 1.7138 -0.2 1.97
20.247 1.7082 -0.2 1.97
20.261 1.7026 -0.2 1.97
20.281 1.6946 -0.2 1.97
20.294 1.6894 -0.2 1.97
20.31 1.683 -0.2 1.97
20.334 1.6734 -0.2 1.97
20.355 1.665 -0.2 1.97
20.368 1.6598 -0.2 1.97
20.38 1.655 -0.2 1.97
20.394 1.6494 -0.2 1.97
20.406 1.6446 -0.2 1.97
20.426 1.6366 -0.2 1.97
20.439 1.6314 -0.2 1.97
20.455 1.625 -0.2 1.97
20.469 1.6194 -0.2 1.97
20.489 1.6114 -0.2 1.97
20.503 1.6058 -0.2 1.97
20.525 1.597 -0.2 1.97
20.542 1.5902 -0.2 1.97
20.559 1.5834 -0.2 1.97
20.568 1.5798 -0.2 1.97
20.59 1.571 -0.2 1.97
20.606 1.5646 -0.2 1.97
20.626 1.5566 -0.2 1.97
20.642 1.5502 -0.2 1.97
20.656 1.5446 -0.2 1.97
20.668 1.5398 -0.2 1.97
20.685 1.533 -0.2 1.97
20.699 1.5274 -0.2 1.97
20.709 1.5234 -0.2 1.97
20.725 1.517 -0.2 1.97
20.752 1.5062 -0.2 1.97
20.77 1.499 -0.2 1.97
20.787 1.4922 -0.2 1.97
20.805 1.485 -0.2 1.97
20.816 1.4806 -0.2 1.97
20.834 1.4734 -0.2 1.97
20.852 1.4662 -0.2 1.97
20.863 1.4618 -0.2 1.97
20.88 1.455 -0.2 1.97
20.893 1.4498 -0.2 1.97
20.911 1.4426 -0.2 1.97
20.925 1.437 -0.2 1.97
20.938 1.4318 -0.2 1.97
20.954 1.4254 -0.2 1.97
20.968 1.4198 -0.2 1.97
20.98 1.415 -0.2 1.97
21.001 1.4066 -0.2 1.97
21.014 1.4014 -0.2 1.97
21.027 1.3962 -0.2 1.97
21.045 1.389 -0.2 1.97
21.067 1.3802 -0.2 1.97
21.095 1.369 -0.2 1.97
21.112 1.3622 -0.2 1.97
21.125 1.357 -0.2 1.97
21.139 1.3514 -0.2 1.97
21.167 1.3402 -0.2 1.97
21.184 1.3334 -0.2 1.97
21.211 1.3226 -0.2 1.97
21.227 1.3162 -0.2 1.97
21.246 1.3086 -0.2 1.97
21.274 1.2974 -0.2 1.97
21.29 1.291 -0.2 1.97
21.305 1.285 -0.2 1.97
21.321 1.2786 -0.2 1.97
21.337 1.2722 -0.2 1.97
21.351 1.2666 -0.2 1.97
21.364 1.2614 -0.2 1.97
21.383 1.2538 -0.2 1.97
21.398 1.2478 -0.2 1.97
21.413 1.2418 -0.2 1.97
21.432 1.2342 -0.2 1.97
21.448 1.2278 -0.2 1.97
21.464 1.2214 -0.2 1.97
21.48 1.215 -0.2 1.97
21.497 1.2082 -0.2 1.97
21.51 1.203 -0.2 1.97
21.524 1.1974 -0.2 1.97
21.535 1.193 -0.2 1.97
21.55 1.187 -0.2 1.97
21.563 1.1818 -0.2 1.97
21.574 1.1774 -0.2 1.97
21.594 1.1694 -0.2 1.97
21.61 1.163 -0.2 1.97
21.632 1.1542 -0.2 1.97
21.651 1.1466 -0.2 1.97
21.668 1.1398 -0.2 1.97
21.687 1.1322 -0.2 1.97
21.706 1.1246 -0.2 1.97
21.724 1.1174 -0.2 1.97
21.741 1.1106 -0.2 1.97
21.763 1.1018 -0.2 1.97
21.78 1.095 -0.2 1.97
21.798 1.0878 -0.2 1.97
21.809 1.0834 -0.2 1.97
21.83 1.075 -0.2 1.97
21.844 1.0694 -0.2 1.97
21.859 1.0634 -0.2 1.97
21.876 1.0566 -0.2 1.97
21.89 1.051 -0.2 1.97
21.905 1.045 -0.2 1.97
21.921 1.0386 -0.2 1.97
21.94 1.031 -0.2 1.97
21.957 1.0242 -0.2 1.97
21.973 1.0178 -0.2 1.97
21.987 1.0122 -0.2 1.97
22.01 1.003 -0.2 1.97
22.025 0.997 -0.2 1.97
22.039 0.9914 -0.2 1.97
22.06 0.983 -0.2 1.97
22.069 0.9794 -0.2 1.97
22.076 0.9766 -0.2 1.97
22.093 0.9698 -0.2 1.97
22.107 0.9642 -0.2 1.97
22.119 0.9594 -0.2 1.97
22.136 0.9526 -0.2 1.97
22.151 0.9466 -0.2 1.97
22.175 0.937 -0.2 1.97
22.194 0.9294 -0.2 1.97
22.209 0.9234 -0.2 1.97
22.224 0.9174 -0.2 1.97
22.252 0.9062 -0.2 1.97
22.275 0.897 -0.2 1.97
22.289 0.8914 -0.2 1.97
22.302 0.8862 -0.2 1.97
22.312 0.8822 -0.2 1.97
22.33 0.875 -0.2 1.97
22.348 0.8678 -0.2 1.97
22.363 0.8618 -0.2 1.97
22.37 0.859 -0.2 1.97
22.39 0.851 -0.2 1.97
22.403 0.8458 -0.2 1.97
22.419 0.8394 -0.2 1.97
22.429 0.8354 -0.2 1.97
22.44 0.831 -0.2 1.97
22.459 0.8234 -0.2 1.97
22.473 0.8178 -0.2 1.97
22.487 0.8122 -0.2 1.97
22.497 0.8082 -0.2 1.97
22.513 0.807 -0.2 1.9648
22.537 0.807 -0.2 1.9552
22.556 0.807 -0.2 1.9476
22.58 0.807 -0.2 1.938
22.595 0.807 -0.2 1.932
22.61 0.807 -0.2 1.926
22.625 0.807 -0.2 1.92
22.635 0.807 -0.2 1.916
22.654 0.807 -0.2 1.9084
22.671 0.807 -0.2 1.9016
22.693 0.807 -0.2 1.8928
22.703 0.807 -0.2 1.8888
22.723 0.807 -0.2 1.8808
22.74 0.807 -0.2 1.874
22.749 0.807 -0.2 1.8704
22.764 0.807 -0.2 1.8644
22.782 0.807 -0.2 1.8572
22.793 0.807 -0.2 1.8528
22.805 0.807 -0.2 1.848
22.817 0.807 -0.2 1.8432
22.838 0.807 -0.2 1.8348
22.854 0.807 -0.2 1.8284
22.867 0.807 -0.2 1.8232
22.881 0.807 -0.2 1.8176
22.9 0.807 -0.2 1.81
22.914 0.807 -0.2 1.8044
22.931 0.807 -0.2 1.7976
22.957 0.807 -0.2 1.7872
22.971 0.807 -0.2 1.7816
22.992 0.807 -0.2 1.7732
23.007 0.807 -0.2 1.7672
23.019 0.807 -0.2 1.7624
23.032 0.807 -0.2 1.7572
23.058 0.807 -0.2 1.7468
23.076 0.807 -0.2 1.7396
23.086 0.807 -0.2 1.7356
23.098 0.807 -0.2 1.7308
23.117 0.807 -0.2 1.7232
23.144 0.807 -0.2 1.7124
23.159 0.807 -0.2 1.7064
23.177 0.807 -0.2 1.6992
23.191 0.807 -0.2 1.6936
23.207 0.807 -0.2 1.6872
23.223 0.807 -0.2 1.6808
23.235 0.807 -0.2 1.676
23.255 0.807 -0.2 1.668
23.27 0.807 -0.2 1.662
23.293 0.807 -0.2 1.6528
23.31 0.807 -0.2 1.646
23.32 0.807 -0.2 1.642
23.334 0.807 -0.2 1.6364
23.347 0.807 -0.2 1.6312
23.359 0.807 -0.2 1.6264
23.375 0.807 -0.2 1.62
23.393 0.807 -0.2 1.6128
23.412 0.807 -0.2 1.6052
23.429 0.807 -0.2 1.5984
23.445 0.807 -0.2 1.592
23.468 0.807 -0.2 1.5828
23.488 0.807 -0.2 1.5748
23.502 0.807 -0.2 1.5692
23.515 0.807 -0.2 1.564
23.531 0.807 -0.2 1.5576
23.548 0.807 -0.2 1.5508
23.563 0.807 -0.2 1.5448
23.581 0.807 -0.2 1.5376
23.598 0.807 -0.2 1.5308
23.611 0.807 -0.2 1.5256
23.631 0.807 -0.2 1.5176
23.647 0.807 -0.2 1.5112
23.662 0.807 -0.2 1.5052
23.677 0.807 -0.2 1.4992
23.694 0.807 -0.2 1.4924
23.71 0.807 -0.2 1.486
23.734 0.807 -0.2 1.4764
23.752 0.807 -0.2 1.4692
23.763 0.807 -0.2 1.4648
23.771 0.807 -0.2 1.4616
23.794 0.807 -0.2 1.4524
23.813 0.807 -0.2 1.4448
23.828 0.807 -0.2 1.4388
23.846 0.807 -0.2 1.4316
23.862 0.807 -0.2 1.4252
23.879 0.807 -0.2 1.4184
23.905 0.807 -0.2 1.408
23.92 0.807 -0.2 1.402
23.944 0.807 -0.2 1.3924
23.964 0.807 -0.2 1.3844
23.985 0.807 -0.2 1.376
24.001 0.807 -0.2 1.3696
24.016 0.807 -0.2 1.3636
24.036 0.807 -0.2 1.3556
24.053 0.807 -0.2 1.3488
24.075 0.807 -0.2 1.34
24.095 0.807 -0.2 1.332
24.116 0.807 -0.2 1.3236
24.132 0.807 -0.2 1.3172
24.148 0.807 -0.2 1.3108
24.165 0.807 -0.2 1.304
24.176 0.807 -0.2 1.2996
24.191 0.807 -0.2 1.2936
24.212 0.807 -0.2 1.2852
24.224 0.807 -0.2 1.2804
24.24 0.807 -0.2 1.274
24.256 0.807 -0.2 1.2676
24.272 0.807 -0.2 1.2612
24.282 0.807 -0.2 1.2572
24.304 0.807 -0.2 1.2484
24.324 0.807 -0.2 1.2404
24.347 0.807 -0.2 1.2312
24.374 0.807 -0.2 1.2204
24.394 0.807 -0.2 1.2124
24.413 0.807 -0.2 1.2048
24.428 0.807 -0.2 1.1988
24.444 0.807 -0.2 1.1924
24.462 0.807 -0.2 1.1852
24.476 0.807 -0.2 1.1796
24.489 0.807 -0.2 1.1744
24.504 0.807 -0.2 1.1684
24.518 0.807 -0.2 1.1628
24.534 0.807 -0.2 1.1564
24.554 0.807 -0.2 1.1484
24.579 0.807 -0.2 1.1384
24.594 0.807 -0.2 1.1324
24.608 0.807 -0.2 1.1268
24.62 0.807 -0.2 1.122
24.636 0.807 -0.2 1.1156
24.659 0.807 -0.2 1.1064
24.67 0.807 -0.2 1.102
24.686 0.807 -0.2 1.0956
24.705 0.807 -0.2 1.088
24.718 0.807 -0.2 1.0828
24.728 0.807 -0.2 1.0788
24.747 0.807 -0.2 1.0712
24.76 0.807 -0.2 1.066
24.782 0.807 -0.2 1.0572
24.799 0.807 -0.2 1.0504
24.821 0.807 -0.2 1.0416
24.839 0.807 -0.2 1.0344
24.861 0.807 -0.2 1.0256
24.89 0.807 -0.2 1.014
24.914 0.807 -0.2 1.0044
24.93 0.807 -0.2 0.998
24.94 0.807 -0.2 0.994
24.954 0.807 -0.2 0.9884
24.968 0.807 -0.2 0.9828
24.983 0.807 -0.2 0.9768
24.998 0.807 -0.2 0.9708
25.014 0.8126 -0.2 0.97
25.037 0.8218 -0.2 0.97
25.054 0.8286 -0.2 0.97
25.069 0.8346 -0.2 0.97
25.092 0.8438 -0.2 0.97
25.115 0.853 -0.2 0.97
25.137 0.8618 -0.2 0.97
25.145 0.865 -0.2 0.97
25.16 0.871 -0.2 0.97
25.175 0.877 -0.2 0.97
25.201 0.8874 -0.2 0.97
25.213 0.8922 -0.2 0.97
25.229 0.8986 -0.2 0.97
25.246 0.9054 -0.2 0.97
25.265 0.913 -0.2 0.97
25.277 0.9178 -0.2 0.97
25.291 0.9234 -0.2 0.97
25.306 0.9294 -0.2 0.97
25.32 0.935 -0.2 0.97
25.332 0.9398 -0.2 0.97
25.348 0.9462 -0.2 0.97
25.355 0.949 -0.2 0.97
25.365 0.953 -0.2 0.97
25.378 0.9582 -0.2 0.97
25.387 0.9618 -0.2 0.97
25.402 0.9678 -0.2 0.97
25.414 0.9726 -0.2 0.97
25.421 0.9754 -0.2 0.97
25.432 0.9798 -0.2 0.97
25.452 0.9878 -0.2 0.97
25.471 0.9954 -0.2 0.97
25.493 1.0042 -0.2 0.97
25.514 1.0126 -0.2 0.97
25.528 1.0182 -0.2 0.97
25.544 1.0246 -0.2 0.97
25.567 1.0338 -0.2 0.97
25.59 1.043 -0.2 0.97
25.606 1.0494 -0.2 0.97
25.629 1.0586 -0.2 0.97
25.642 1.0638 -0.2 0.97
25.663 1.0722 -0.2 0.97
25.677 1.0778 -0.2 0.97
25.693 1.0842 -0.2 0.97
25.712 1.0918 -0.2 0.97
25.727 1.0978 -0.2 0.97
25.745 1.105 -0.2 0.97
25.757 1.1098 -0.2 0.97
25.771 1.1154 -0.2 0.97
25.782 1.1198 -0.2 0.97
25.802 1.1278 -0.2 0.97
25.824 1.1366 -0.2 0.97
25.846 1.1454 -0.2 0.97
25.863 1.1522 -0.2 0.97
25.879 1.1586 -0.2 0.97
25.895 1.165 -0.2 0.97
25.914 1.1726 -0.2 0.97
25.925 1.177 -0.2 0.97
25.941 1.1834 -0.2 0.97
25.955 1.189 -0.2 0.97
25.974 1.1966 -0.2 0.97
25.991 1.2034 -0.2 0.97
26.005 1.209 -0.2 0.97
26.023 1.2162 -0.2 0.97
26.046 1.2254 -0.2 0.97
26.065 1.233 -0.2 0.97
26.078 1.2382 -0.2 0.97
26.086 1.2414 -0.2 0.97
26.102 1.2478 -0.2 0.97
26.118 1.2542 -0.2 0.97
26.136 1.2614 -0.2 0.97
26.147 1.2658 -0.2 0.97
26.156 1.2694 -0.2 0.97
26.178 1.2782 -0.2 0.97
26.195 1.285 -0.2 0.97
26.214 1.2926 -0.2 0.97
26.23 1.299 -0.2 0.97
26.249 1.3066 -0.2 0.97
26.267 1.3138 -0.2 0.97
26.283 1.3202 -0.2 0.97
26.296 1.3254 -0.2 0.97
26.309 1.3306 -0.2 0.97
26.332 1.3398 -0.2 0.97
26.347 1.3458 -0.2 0.97
26.362 1.3518 -0.2 0.97
26.374 1.3566 -0.2 0.97
26.39 1.363 -0.2 0.97
26.415 1.373 -0.2 0.97
26.432 1.3798 -0.2 0.97
26.448 1.3862 -0.2 0.97
26.467 1.3938 -0.2 0.97
26.488 1.4022 -0.2 0.97
26.506 1.4094 -0.2 0.97
26.529 1.4186 -0.2 0.97
26.542 1.4238 -0.2 0.97
26.564 1.4326 -0.2 0.97
26.579 1.4386 -0.2 0.97
26.594 1.4446 -0.2 0.97
26.611 1.4514 -0.2 0.97
26.622 1.4558 -0.2 0.97
26.634 1.4606 -0.2 0.97
26.658 1.4702 -0.2 0.97
26.671 1.4754 -0.2 0.97
26.686 1.4814 -0.2 0.97
26.696 1.4854 -0.2 0.97
26.714 1.4926 -0.2 0.97
26.733 1.5002 -0.2 0.97
26.758 1.5102 -0.2 0.97
26.768 1.5142 -0.2 0.97
26.782 1.5198 -0.2 0.97
26.798 1.5262 -0.2 0.97
26.817 1.5338 -0.2 0.97
26.826 1.5374 -0.2 0.97
26.843 1.5442 -0.2 0.97
26.857 1.5498 -0.2 0.97
26.877 1.5578 -0.2 0.97
26.887 1.5618 -0.2 0.97
26.897 1.5658 -0.2 0.97
26.914 1.5726 -0.2 0.97
26.929 1.5786 -0.2 0.97
26.939 1.5826 -0.2 0.97
26.958 1.5902 -0.2 0.97
26.969 1.5946 -0.2 0.97
26.99 1.603 -0.2 0.97
27.008 1.6102 -0.2 0.97
27.023 1.6162 -0.2 0.97
27.039 1.6226 -0.2 0.97
27.063 1.6322 -0.2 0.97
27.084 1.6406 -0.2 0.97
27.1 1.647 -0.2 0.97
27.117 1.6538 -0.2 0.97
27.133 1.6602 -0.2 0.97
27.152 1.6678 -0.2 0.97
27.165 1.673 -0.2 0.97
27.181 1.6794 -0.2 0.97
27.199 1.6866 -0.2 0.97
27.214 1.6926 -0.2 0.97
27.235 1.701 -0.2 0.97
27.247 1.7058 -0.2 0.97
27.272 1.7158 -0.2 0.97
27.29 1.723 -0.2 0.97
27.304 1.7286 -0.2 0.97
27.328 1.7382 -0.2 0.97
27.342 1.7438 -0.2 0.97
27.361 1.7514 -0.2 0.97
27.379 1.7586 -0.2 0.97
27.393 1.7642 -0.2 0.97
27.408 1.7702 -0.2 0.97
27.425 1.777 -0.2 0.97
27.44 1.783 -0.2 0.97
27.455 1.789 -0.2 0.97
27.468 1.7942 -0.2 0.97
27.486 1.8014 -0.2 0.97
27.511 1.807 -0.2 0.9744
27.532 1.807 -0.2 0.9828
27.545 1.807 -0.2 0.988
27.565 1.807 -0.2 0.996
27.58 1.807 -0.2 1.002
27.601 1.807 -0.2 1.0104
27.617 1.807 -0.2 1.0168
27.63 1.807 -0.2 1.022
27.646 1.807 -0.2 1.0284
27.662 1.807 -0.2 1.0348
27.681 1.807 -0.2 1.0424
27.697 1.807 -0.2 1.0488
27.72 1.807 -0.2 1.058
27.735 1.807 -0.2 1.064
27.755 1.807 -0.2 1.072
27.771 1.807 -0.2 1.0784
27.793 1.807 -0.2 1.0872
27.816 1.807 -0.2 1.0964
27.838 1.807 -0.2 1.1052
27.851 1.807 -0.2 1.1104
27.866 1.807 -0.2 1.1164
27.875 1.807 -0.2 1.12
27.892 1.807 -0.2 1.1268
27.911 1.807 -0.2 1.1344
27.922 1.807 -0.2 1.1388
27.934 1.807 -0.2 1.1436
27.948 1.807 -0.2 1.1492
27.962 1.807 -0.2 1.1548
27.975 1.807 -0.2 1.16
27.982 1.807 -0.2 1.1628
28.001 1.807 -0.2 1.1704
28.018 1.807 -0.2 1.1772
28.046 1.807 -0.2 1.1884
28.06 1.807 -0.2 1.194
28.075 1.807 -0.2 1.2
28.088 1.807 -0.2 1.2052
28.1 1.807 -0.2 1.21
28.12 1.807 -0.2 1.218
28.141 1.807 -0.2 1.2264
28.157 1.807 -0.2 1.2328
28.172 1.807 -0.2 1.2388
28.192 1.807 -0.2 1.2468
28.207 1.807 -0.2 1.2528
28.222 1.807 -0.2 1.2588
28.243 1.807 -0.2 1.2672
28.26 1.807 -0.2 1.274
28.292 1.807 -0.2 1.2868
28.311 1.807 -0.2 1.2944
28.328 1.807 -0.2 1.3012
28.347 1.807 -0.2 1.3088
28.375 1.807 -0.2 1.32
28.399 1.807 -0.2 1.3296
28.413 1.807 -0.2 1.3352
28.44 1.807 -0.2 1.346
28.457 1.807 -0.2 1.3528
28.468 1.807 -0.2 1.3572
28.489 1.807 -0.2 1.3656
28.504 1.807 -0.2 1.3716
28.524 1.807 -0.2 1.3796
28.543 1.807 -0.2 1.3872
28.565 1.807 -0.2 1.396
28.581 1.807 -0.2 1.4024
28.598 1.807 -0.2 1.4092
28.613 1.807 -0.2 1.4152
28.626 1.807 -0.2 1.4204
28.641 1.807 -0.2 1.4264
28.658 1.807 -0.2 1.4332
28.674 1.807 -0.2 1.4396
28.691 1.807 -0.2 1.4464
28.707 1.807 -0.2 1.4528
28.722 1.807 -0.2 1.4588
28.737 1.807 -0.2 1.4648
28.753 1.807 -0.2 1.4712
28.766 1.807 -0.2 1.4764
28.788 1.807 -0.2 1.4852
28.808 1.807 -0.2 1.4932
28.819 1.807 -0.2 1.4976
28.834 1.807 -0.2 1.5036
28.857 1.807 -0.2 1.5128
28.874 1.807 -0.2 1.5196
28.89 1.807 -0.2 1.526
28.903 1.807 -0.2 1.5312
28.932 1.807 -0.2 1.5428
28.947 1.807 -0.2 1.5488
28.959 1.807 -0.2 1.5536
28.981 1.807 -0.2 1.5624
29.003 1.807 -0.2 1.5712
29.018 1.807 -0.2 1.5772
29.032 1.807 -0.2 1.5828
29.043 1.807 -0.2 1.5872
29.059 1.807 -0.2 1.5936
29.076 1.807 -0.2 1.6004
29.089 1.807 -0.2 1.6056
29.094 1.807 -0.2 1.6076
29.109 1.807 -0.2 1.6136
29.126 1.807 -0.2 1.6204
29.147 1.807 -0.2 1.6288
29.162 1.807 -0.2 1.6348
29.185 1.807 -0.2 1.644
29.202 1.807 -0.2 1.6508
29.222 1.807 -0.2 1.6588
29.24 1.807 -0.2 1.666
29.257 1.807 -0.2 1.6728
29.272 1.807 -0.2 1.6788
29.284 1.807 -0.2 1.6836
29.301 1.807 -0.2 1.6904
29.317 1.807 -0.2 1.6968
29.334 1.807 -0.2 1.7036
29.357 1.807 -0.2 1.7128
29.37 1.807 -0.2 1.718
29.388 1.807 -0.2 1.7252
29.402 1.807 -0.2 1.7308
29.416 1.807 -0.2 1.7364
29.43 1.807 -0.2 1.742
29.445 1.807 -0.2 1.748
29.464 1.807 -0.2 1.7556
29.493 1.807 -0.2 1.7672
29.51 1.807 -0.2 1.774
29.53 1.807 -0.2 1.782
29.552 1.807 -0.2 1.7908
29.573 1.807 -0.2 1.7992
29.592 1.807 -0.2 1.8068
29.614 1.807 -0.2 1.8156
29.629 1.807 -0.2 1.8216
29.649 1.807 -0.2 1.8296
29.661 1.807 -0.2 1.8344
29.675 1.807 -0.2 1.84
29.696 1.807 -0.2 1.8484
29.716 1.807 -0.2 1.8564
29.742 1.807 -0.2 1.8668
29.761 1.807 -0.2 1.8744
29.775 1.807 -0.2 1.88
29.79 1.807 -0.2 1.886
29.801 1.807 -0.2 1.8904
29.825 1.807 -0.2 1.9
29.839 1.807 -0.2 1.9056
29.858 1.807 -0.2 1.9132
29.872 1.807 -0.2 1.9188
29.89 1.807 -0.2 1.926
29.91 1.807 -0.2 1.934
29.92 1.807 -0.2 1.938
29.934 1.807 -0.2 1.9436
29.967 1.807 -0.2 1.9568
29.993 1.807 -0.2 1.9672
30.013 1.8018 -0.2 1.97
30.031 1.7946 -0.2 1.97
30.052 1.7862 -0.2 1.97
30.07 1.779 -0.2 1.97
30.093 1.7698 -0.2 1.97
30.12 1.759 -0.2 1.97
30.139 1.7514 -0.2 1.97
30.154 1.7454 -0.2 1.97
30.175 1.737 -0.2 1.97
30.196 1.7286 -0.2 1.97
30.213 1.7218 -0.2 1.97
30.231 1.7146 -0.2 1.97
30.253 1.7058 -0.2 1.97
30.269 1.6994 -0.2 1.97
30.291 1.6906 -0.2 1.97
30.311 1.6826 -0.2 1.97
30.327 1.6762 -0.2 1.97
30.345 1.669 -0.2 1.97
30.358 1.6638 -0.2 1.97
30.365 1.661 -0.2 1.97
30.382 1.6542 -0.2 1.97
30.407 1.6442 -0.2 1.97
30.431 1.6346 -0.2 1.97
30.448 1.6278 -0.2 1.97
30.467 1.6202 -0.2 1.97
30.483 1.6138 -0.2 1.97
30.5 1.607 -0.2 1.97
30.517 1.6002 -0.2 1.97
30.537 1.5922 -0.2 1.97
30.555 1.585 -0.2 1.97
30.571 1.5786 -0.2 1.97
30.595 1.569 -0.2 1.97
30.605 1.565 -0.2 1.97
30.622 1.5582 -0.2 1.97
30.646 1.5486 -0.2 1.97
30.664 1.5414 -0.2 1.97
30.679 1.5354 -0.2 1.97
30.696 1.5286 -0.2 1.97
30.717 1.5202 -0.2 1.97
30.74 1.511 -0.2 1.97
30.76 1.503 -0.2 1.97
30.776 1.4966 -0.2 1.97
30.79 1.491 -0.2 1.97
30.804 1.4854 -0.2 1.97
30.816 1.4806 -0.2 1.97
30.838 1.4718 -0.2 1.97
30.851 1.4666 -0.2 1.97
30.863 1.4618 -0.2 1.97
30.878 1.4558 -0.2 1.97
30.899 1.4474 -0.2 1.97
30.928 1.4358 -0.2 1.97
30.948 1.4278 -0.2 1.97
30.965 1.421 -0.2 1.97
30.985 1.413 -0.2 1.97
31.007 1.4042 -0.2 1.97
31.017 1.4002 -0.2 1.97
31.045 1.389 -0.2 1.97
31.066 1.3806 -0.2 1.97
31.088 1.3718 -0.2 1.97
31.104 1.3654 -0.2 1.97
31.12 1.359 -0.2 1.97
31.136 1.3526 -0.2 1.97
31.156 1.3446 -0.2 1.97
31.184 1.3334 -0.2 1.97
31.196 1.3286 -0.2 1.97
31.217 1.3202 -0.2 1.97
31.237 1.3122 -0.2 1.97
31.25 1.307 -0.2 1.97
31.267 1.3002 -0.2 1.97
31.284 1.2934 -0.2 1.97
31.3 1.287 -0.2 1.97
31.316 1.2806 -0.2 1.97
31.331 1.2746 -0.2 1.97
31.344 1.2694 -0.2 1.97
31.362 1.2622 -0.2 1.97
31.376 1.2566 -0.2 1.97
31.391 1.2506 -0.2 1.97
31.416 1.2406 -0.2 1.97
31.438 1.2318 -0.2 1.97
31.458 1.2238 -0.2 1.97
31.48 1.215 -0.2 1.97
31.499 1.2074 -0.2 1.97
31.515 1.201 -0.2 1.97
31.541 1.1906 -0.2 1.97
31.559 1.1834 -0.2 1.97
31.573 1.1778 -0.2 1.97
31.599 1.1674 -0.2 1.97
31.614 1.1614 -0.2 1.97
31.635 1.153 -0.2 1.97
31.657 1.1442 -0.2 1.97
31.674 1.1374 -0.2 1.97
31.69 1.131 -0.2 1.97
31.709 1.1234 -0.2 1.97
31.726 1.1166 -0.2 1.97
31.742 1.1102 -0.2 1.97
31.757 1.1042 -0.2 1.97
31.768 1.0998 -0.2 1.97
31.79 1.091 -0.2 1.97
31.808 1.0838 -0.2 1.97
31.828 1.0758 -0.2 1.97
31.84 1.071 -0.2 1.97
31.857 1.0642 -0.2 1.97
31.877 1.0562 -0.2 1.97
31.89 1.051 -0.2 1.97
31.898 1.0478 -0.2 1.97
