0.006 1.8046 -0.2 1.97
0.036 1.7926 -0.2 1.97
0.071 1.7786 -0.2 1.97
0.115 1.761 -0.2 1.97
0.137 1.7522 -0.2 1.97
0.155 1.745 -0.2 1.97
0.175 1.737 -0.2 1.97
0.201 1.7266 -0.2 1.97
0.218 1.7198 -0.2 1.97
0.251 1.7066 -0.2 1.97
0.285 1.693 -0.2 1.97
0.321 1.6786 -0.2 1.97
0.354 1.6654 -0.2 1.97
0.382 1.6542 -0.2 1.97
0.39 1.651 -0.2 1.97
0.408 1.6438 -0.2 1.97
0.418 1.6398 -0.2 1.97
0.452 1.6262 -0.2 1.97
0.479 1.6154 -0.2 1.97
0.504 1.6054 -0.2 1.97
0.53 1.595 -0.2 1.97
0.551 1.5866 -0.2 1.97
0.573 1.5778 -0.2 1.97
0.619 1.5594 -0.2 1.97
0.654 1.5454 -0.2 1.97
0.685 1.533 -0.2 1.97
0.699 1.5274 -0.2 1.97
0.722 1.5182 -0.2 1.97
0.739 1.5114 -0.2 1.97
0.757 1.5042 -0.2 1.97
0.781 1.4946 -0.2 1.97
0.805 1.485 -0.2 1.97
0.843 1.4698 -0.2 1.97
0.855 1.465 -0.2 1.97
0.87 1.459 -0.2 1.97
0.881 1.4546 -0.2 1.97
0.893 1.4498 -0.2 1.97
0.907 1.4442 -0.2 1.97
0.929 1.4354 -0.2 1.97
0.963 1.4218 -0.2 1.97
0.984 1.4134 -0.2 1.97
1.008 1.4038 -0.2 1.97
1.028 1.3958 -0.2 1.97
1.054 1.3854 -0.2 1.97
1.072 1.3782 -0.2 1.97
1.101 1.3666 -0.2 1.97
1.142 1.3502 -0.2 1.97
1.156 1.3446 -0.2 1.97
1.186 1.3326 -0.2 1.97
1.222 1.3182 -0.2 1.97
1.249 1.3074 -0.2 1.97
1.28 1.295 -0.2 1.97
1.314 1.2814 -0.2 1.97
1.34 1.271 -0.2 1.97
1.353 1.2658 -0.2 1.97
1.372 1.2582 -0.2 1.97
1.392 1.2502 -0.2 1.97
1.406 1.2446 -0.2 1.97
1.424 1.2374 -0.2 1.97
1.438 1.2318 -0.2 1.97
1.458 1.2238 -0.2 1.97
1.472 1.2182 -0.2 1.97
1.485 1.213 -0.2 1.97
1.513 1.2018 -0.2 1.97
1.528 1.1958 -0.2 1.97
1.554 1.1854 -0.2 1.97
1.575 1.177 -0.2 1.97
1.603 1.1658 -0.2 1.97
1.629 1.1554 -0.2 1.97
1.657 1.1442 -0.2 1.97
1.679 1.1354 -0.2 1.97
1.697 1.1282 -0.2 1.97
1.715 1.121 -0.2 1.97
1.741 1.1106 -0.2 1.97
1.758 1.1038 -0.2 1.97
1.772 1.0982 -0.2 1.97
1.793 1.0898 -0.2 1.97
1.807 1.0842 -0.2 1.97
1.83 1.075 -0.2 1.97
1.843 1.0698 -0.2 1.97
1.854 1.0654 -0.2 1.97
1.873 1.0578 -0.2 1.97
1.89 1.051 -0.2 1.97
1.906 1.0446 -0.2 1.97
1.927 1.0362 -0.2 1.97
1.944 1.0294 -0.2 1.97
1.961 1.0226 -0.2 1.97
1.974 1.0174 -0.2 1.97
2.004 1.0054 -0.2 1.97
2.022 0.9982 -0.2 1.97
2.041 0.9906 -0.2 1.97
2.055 0.985 -0.2 1.97
2.073 0.9778 -0.2 1.97
2.095 0.969 -0.2 1.97
2.12 0.959 -0.2 1.97
2.147 0.9482 -0.2 1.97
2.168 0.9398 -0.2 1.97
2.184 0.9334 -0.2 1.97
2.198 0.9278 -0.2 1.97
2.219 0.9194 -0.2 1.97
2.242 0.9102 -0.2 1.97
2.26 0.903 -0.2 1.97
2.279 0.8954 -0.2 1.97
2.301 0.8866 -0.2 1.97
2.317 0.8802 -0.2 1.97
2.332 0.8742 -0.2 1.97
2.349 0.8674 -0.2 1.97
2.369 0.8594 -0.2 1.97
2.386 0.8526 -0.2 1.97
2.401 0.8466 -0.2 1.97
2.42 0.839 -0.2 1.97
2.436 0.8326 -0.2 1.97
2.46 0.823 -0.2 1.97
2.481 0.8146 -0.2 1.97
2.499 0.8074 -0.2 1.97
2.51 0.807 -0.2 1.966
2.527 0.807 -0.2 1.9592
2.55 0.807 -0.2 1.95
2.572 0.807 -0.2 1.9412
2.59 0.807 -0.2 1.934
2.605 0.807 -0.2 1.928
2.627 0.807 -0.2 1.9192
2.648 0.807 -0.2 1.9108
2.663 0.807 -0.2 1.9048
2.673 0.807 -0.2 1.9008
2.692 0.807 -0.2 1.8932
2.717 0.807 -0.2 1.8832
2.74 0.807 -0.2 1.874
2.762 0.807 -0.2 1.8652
2.791 0.807 -0.2 1.8536
2.824 0.807 -0.2 1.8404
2.837 0.807 -0.2 1.8352
2.851 0.807 -0.2 1.8296
2.863 0.807 -0.2 1.8248
2.882 0.807 -0.2 1.8172
2.897 0.807 -0.2 1.8112
2.912 0.807 -0.2 1.8052
2.935 0.807 -0.2 1.796
2.952 0.807 -0.2 1.7892
2.972 0.807 -0.2 1.7812
2.993 0.807 -0.2 1.7728
3.011 0.807 -0.2 1.7656
3.044 0.807 -0.2 1.7524
3.068 0.807 -0.2 1.7428
3.084 0.807 -0.2 1.7364
3.099 0.807 -0.2 1.7304
3.115 0.807 -0.2 1.724
3.132 0.807 -0.2 1.7172
3.149 0.807 -0.2 1.7104
3.171 0.807 -0.2 1.7016
3.19 0.807 -0.2 1.694
3.205 0.807 -0.2 1.688
3.226 0.807 -0.2 1.6796
3.244 0.807 -0.2 1.6724
3.257 0.807 -0.2 1.6672
3.271 0.807 -0.2 1.6616
3.291 0.807 -0.2 1.6536
3.327 0.807 -0.2 1.6392
3.339 0.807 -0.2 1.6344
3.359 0.807 -0.2 1.6264
3.379 0.807 -0.2 1.6184
3.395 0.807 -0.2 1.612
3.416 0.807 -0.2 1.6036
3.429 0.807 -0.2 1.5984
3.446 0.807 -0.2 1.5916
3.463 0.807 -0.2 1.5848
3.483 0.807 -0.2 1.5768
3.504 0.807 -0.2 1.5684
3.514 0.807 -0.2 1.5644
3.536 0.807 -0.2 1.5556
3.554 0.807 -0.2 1.5484
3.571 0.807 -0.2 1.5416
3.589 0.807 -0.2 1.5344
3.613 0.807 -0.2 1.5248
3.642 0.807 -0.2 1.5132
3.661 0.807 -0.2 1.5056
3.681 0.807 -0.2 1.4976
3.701 0.807 -0.2 1.4896
3.716 0.807 -0.2 1.4836
3.74 0.807 -0.2 1.474
3.758 0.807 -0.2 1.4668
3.784 0.807 -0.2 1.4564
3.802 0.807 -0.2 1.4492
3.819 0.807 -0.2 1.4424
3.828 0.807 -0.2 1.4388
3.84 0.807 -0.2 1.434
3.861 0.807 -0.2 1.4256
3.877 0.807 -0.2 1.4192
3.892 0.807 -0.2 1.4132
3.9 0.807 -0.2 1.41
3.917 0.807 -0.2 1.4032
3.937 0.807 -0.2 1.3952
3.958 0.807 -0.2 1.3868
3.977 0.807 -0.2 1.3792
4 0.807 -0.2 1.37
4.028 0.807 -0.2 1.3588
4.052 0.807 -0.2 1.3492
4.073 0.807 -0.2 1.3408
4.091 0.807 -0.2 1.3336
4.118 0.807 -0.2 1.3228
4.135 0.807 -0.2 1.316
4.156 0.807 -0.2 1.3076
4.181 0.807 -0.2 1.2976
4.195 0.807 -0.2 1.292
4.211 0.807 -0.2 1.2856
4.232 0.807 -0.2 1.2772
4.249 0.807 -0.2 1.2704
4.271 0.807 -0.2 1.2616
4.297 0.807 -0.2 1.2512
4.315 0.807 -0.2 1.244
4.332 0.807 -0.2 1.2372
4.345 0.807 -0.2 1.232
4.362 0.807 -0.2 1.2252
4.383 0.807 -0.2 1.2168
4.401 0.807 -0.2 1.2096
4.414 0.807 -0.2 1.2044
4.434 0.807 -0.2 1.1964
4.447 0.807 -0.2 1.1912
4.471 0.807 -0.2 1.1816
4.487 0.807 -0.2 1.1752
4.501 0.807 -0.2 1.1696
4.524 0.807 -0.2 1.1604
4.534 0.807 -0.2 1.1564
4.554 0.807 -0.2 1.1484
4.572 0.807 -0.2 1.1412
4.588 0.807 -0.2 1.1348
4.609 0.807 -0.2 1.1264
4.626 0.807 -0.2 1.1196
4.642 0.807 -0.2 1.1132
4.653 0.807 -0.2 1.1088
4.661 0.807 -0.2 1.1056
4.686 0.807 -0.2 1.0956
4.71 0.807 -0.2 1.086
4.734 0.807 -0.2 1.0764
4.748 0.807 -0.2 1.0708
4.764 0.807 -0.2 1.0644
4.789 0.807 -0.2 1.0544
4.805 0.807 -0.2 1.048
4.82 0.807 -0.2 1.042
4.848 0.807 -0.2 1.0308
4.867 0.807 -0.2 1.0232
4.882 0.807 -0.2 1.0172
4.899 0.807 -0.2 1.0104
4.919 0.807 -0.2 1.0024
4.935 0.807 -0.2 0.996
4.953 0.807 -0.2 0.9888
4.967 0.807 -0.2 0.9832
4.987 0.807 -0.2 0.9752
5.001 0.8074 -0.2 0.97
5.024 0.8166 -0.2 0.97
5.036 0.8214 -0.2 0.97
5.063 0.8322 -0.2 0.97
5.082 0.8398 -0.2 0.97
5.101 0.8474 -0.2 0.97
5.123 0.8562 -0.2 0.97
5.133 0.8602 -0.2 0.97
5.15 0.867 -0.2 0.97
5.163 0.8722 -0.2 0.97
5.187 0.8818 -0.2 0.97
5.211 0.8914 -0.2 0.97
5.231 0.8994 -0.2 0.97
5.25 0.907 -0.2 0.97
5.261 0.9114 -0.2 0.97
5.282 0.9198 -0.2 0.97
5.308 0.9302 -0.2 0.97
5.329 0.9386 -0.2 0.97
5.348 0.9462 -0.2 0.97
5.367 0.9538 -0.2 0.97
5.384 0.9606 -0.2 0.97
5.405 0.969 -0.2 0.97
5.427 0.9778 -0.2 0.97
5.447 0.9858 -0.2 0.97
5.457 0.9898 -0.2 0.97
5.479 0.9986 -0.2 0.97
5.496 1.0054 -0.2 0.97
5.514 1.0126 -0.2 0.97
5.531 1.0194 -0.2 0.97
5.542 1.0238 -0.2 0.97
5.562 1.0318 -0.2 0.97
5.582 1.0398 -0.2 0.97
5.601 1.0474 -0.2 0.97
5.615 1.053 -0.2 0.97
5.633 1.0602 -0.2 0.97
5.649 1.0666 -0.2 0.97
5.671 1.0754 -0.2 0.97
5.694 1.0846 -0.2 0.97
5.715 1.093 -0.2 0.97
5.739 1.1026 -0.2 0.97
5.749 1.1066 -0.2 0.97
5.774 1.1166 -0.2 0.97
5.786 1.1214 -0.2 0.97
5.807 1.1298 -0.2 0.97
5.824 1.1366 -0.2 0.97
5.85 1.147 -0.2 0.97
5.865 1.153 -0.2 0.97
5.887 1.1618 -0.2 0.97
5.92 1.175 -0.2 0.97
5.944 1.1846 -0.2 0.97
5.959 1.1906 -0.2 0.97
5.98 1.199 -0.2 0.97
6.008 1.2102 -0.2 0.97
6.034 1.2206 -0.2 0.97
6.059 1.2306 -0.2 0.97
6.077 1.2378 -0.2 0.97
6.094 1.2446 -0.2 0.97
6.105 1.249 -0.2 0.97
6.121 1.2554 -0.2 0.97
6.136 1.2614 -0.2 0.97
6.16 1.271 -0.2 0.97
6.175 1.277 -0.2 0.97
6.196 1.2854 -0.2 0.97
6.213 1.2922 -0.2 0.97
6.233 1.3002 -0.2 0.97
6.252 1.3078 -0.2 0.97
6.275 1.317 -0.2 0.97
6.297 1.3258 -0.2 0.97
6.311 1.3314 -0.2 0.97
6.328 1.3382 -0.2 0.97
6.335 1.341 -0.2 0.97
6.355 1.349 -0.2 0.97
6.371 1.3554 -0.2 0.97
6.392 1.3638 -0.2 0.97
6.412 1.3718 -0.2 0.97
6.43 1.379 -0.2 0.97
6.45 1.387 -0.2 0.97
6.469 1.3946 -0.2 0.97
6.484 1.4006 -0.2 0.97
6.505 1.409 -0.2 0.97
6.52 1.415 -0.2 0.97
6.541 1.4234 -0.2 0.97
6.561 1.4314 -0.2 0.97
6.578 1.4382 -0.2 0.97
6.596 1.4454 -0.2 0.97
6.611 1.4514 -0.2 0.97
6.631 1.4594 -0.2 0.97
6.646 1.4654 -0.2 0.97
6.665 1.473 -0.2 0.97
6.693 1.4842 -0.2 0.97
6.708 1.4902 -0.2 0.97
6.727 1.4978 -0.2 0.97
6.742 1.5038 -0.2 0.97
6.758 1.5102 -0.2 0.97
6.773 1.5162 -0.2 0.97
6.791 1.5234 -0.2 0.97
6.819 1.5346 -0.2 0.97
6.837 1.5418 -0.2 0.97
6.872 1.5558 -0.2 0.97
6.892 1.5638 -0.2 0.97
6.903 1.5682 -0.2 0.97
6.916 1.5734 -0.2 0.97
6.919 1.5746 -0.2 0.97
6.954 1.5886 -0.2 0.97
6.976 1.5974 -0.2 0.97
6.997 1.6058 -0.2 0.97
7.017 1.6138 -0.2 0.97
7.032 1.6198 -0.2 0.97
7.049 1.6266 -0.2 0.97
7.069 1.6346 -0.2 0.97
7.081 1.6394 -0.2 0.97
7.091 1.6434 -0.2 0.97
7.099 1.6466 -0.2 0.97
7.137 1.6618 -0.2 0.97
7.155 1.669 -0.2 0.97
7.171 1.6754 -0.2 0.97
7.19 1.683 -0.2 0.97
7.205 1.689 -0.2 0.97
7.218 1.6942 -0.2 0.97
7.227 1.6978 -0.2 0.97
7.248 1.7062 -0.2 0.97
7.264 1.7126 -0.2 0.97
7.279 1.7186 -0.2 0.97
7.302 1.7278 -0.2 0.97
7.319 1.7346 -0.2 0.97
7.336 1.7414 -0.2 0.97
7.35 1.747 -0.2 0.97
7.364 1.7526 -0.2 0.97
7.383 1.7602 -0.2 0.97
7.401 1.7674 -0.2 0.97
7.422 1.7758 -0.2 0.97
7.442 1.7838 -0.2 0.97
7.46 1.791 -0.2 0.97
7.48 1.799 -0.2 0.97
7.499 1.8066 -0.2 0.97
7.518 1.807 -0.2 0.9772
7.536 1.807 -0.2 0.9844
7.553 1.807 -0.2 0.9912
7.57 1.807 -0.2 0.998
7.582 1.807 -0.2 1.0028
7.601 1.807 -0.2 1.0104
7.617 1.807 -0.2 1.0168
7.638 1.807 -0.2 1.0252
7.657 1.807 -0.2 1.0328
7.674 1.807 -0.2 1.0396
7.691 1.807 -0.2 1.0464
7.705 1.807 -0.2 1.052
7.725 1.807 -0.2 1.06
7.742 1.807 -0.2 1.0668
7.76 1.807 -0.2 1.074
7.782 1.807 -0.2 1.0828
7.8 1.807 -0.2 1.09
7.829 1.807 -0.2 1.1016
7.849 1.807 -0.2 1.1096
7.86 1.807 -0.2 1.114
7.872 1.807 -0.2 1.1188
7.891 1.807 -0.2 1.1264
7.905 1.807 -0.2 1.132
7.924 1.807 -0.2 1.1396
7.942 1.807 -0.2 1.1468
7.962 1.807 -0.2 1.1548
7.978 1.807 -0.2 1.1612
8.005 1.807 -0.2 1.172
8.029 1.807 -0.2 1.1816
8.046 1.807 -0.2 1.1884
8.065 1.807 -0.2 1.196
8.077 1.807 -0.2 1.2008
8.096 1.807 -0.2 1.2084
8.119 1.807 -0.2 1.2176
8.135 1.807 -0.2 1.224
8.147 1.807 -0.2 1.2288
8.165 1.807 -0.2 1.236
8.184 1.807 -0.2 1.2436
8.204 1.807 -0.2 1.2516
8.222 1.807 -0.2 1.2588
8.242 1.807 -0.2 1.2668
8.271 1.807 -0.2 1.2784
8.301 1.807 -0.2 1.2904
8.319 1.807 -0.2 1.2976
8.342 1.807 -0.2 1.3068
8.364 1.807 -0.2 1.3156
8.376 1.807 -0.2 1.3204
8.388 1.807 -0.2 1.3252
8.403 1.807 -0.2 1.3312
8.415 1.807 -0.2 1.336
8.433 1.807 -0.2 1.3432
8.454 1.807 -0.2 1.3516
8.471 1.807 -0.2 1.3584
8.493 1.807 -0.2 1.3672
8.509 1.807 -0.2 1.3736
8.529 1.807 -0.2 1.3816
8.555 1.807 -0.2 1.392
8.575 1.807 -0.2 1.4
8.596 1.807 -0.2 1.4084
8.613 1.807 -0.2 1.4152
8.629 1.807 -0.2 1.4216
8.657 1.807 -0.2 1.4328
8.674 1.807 -0.2 1.4396
8.698 1.807 -0.2 1.4492
8.716 1.807 -0.2 1.4564
8.729 1.807 -0.2 1.4616
8.741 1.807 -0.2 1.4664
8.757 1.807 -0.2 1.4728
8.781 1.807 -0.2 1.4824
8.812 1.807 -0.2 1.4948
8.831 1.807 -0.2 1.5024
8.868 1.807 -0.2 1.5172
8.898 1.807 -0.2 1.5292
8.917 1.807 -0.2 1.5368
8.931 1.807 -0.2 1.5424
8.953 1.807 -0.2 1.5512
8.978 1.807 -0.2 1.5612
9 1.807 -0.2 1.57
9.016 1.807 -0.2 1.5764
9.033 1.807 -0.2 1.5832
9.047 1.807 -0.2 1.5888
9.067 1.807 -0.2 1.5968
9.088 1.807 -0.2 1.6052
9.105 1.807 -0.2 1.612
9.117 1.807 -0.2 1.6168
9.133 1.807 -0.2 1.6232
9.153 1.807 -0.2 1.6312
9.166 1.807 -0.2 1.6364
9.189 1.807 -0.2 1.6456
9.21 1.807 -0.2 1.654
9.23 1.807 -0.2 1.662
9.251 1.807 -0.2 1.6704
9.272 1.807 -0.2 1.6788
9.29 1.807 -0.2 1.686
9.301 1.807 -0.2 1.6904
9.318 1.807 -0.2 1.6972
9.348 1.807 -0.2 1.7092
9.363 1.807 -0.2 1.7152
9.377 1.807 -0.2 1.7208
9.388 1.807 -0.2 1.7252
9.405 1.807 -0.2 1.732
9.426 1.807 -0.2 1.7404
9.451 1.807 -0.2 1.7504
9.485 1.807 -0.2 1.764
9.499 1.807 -0.2 1.7696
9.531 1.807 -0.2 1.7824
9.545 1.807 -0.2 1.788
9.578 1.807 -0.2 1.8012
9.614 1.807 -0.2 1.8156
9.646 1.807 -0.2 1.8284
9.653 1.807 -0.2 1.8312
9.665 1.807 -0.2 1.836
9.684 1.807 -0.2 1.8436
9.694 1.807 -0.2 1.8476
9.712 1.807 -0.2 1.8548
9.73 1.807 -0.2 1.862
9.744 1.807 -0.2 1.8676
9.762 1.807 -0.2 1.8748
9.783 1.807 -0.2 1.8832
9.81 1.807 -0.2 1.894
9.828 1.807 -0.2 1.9012
9.848 1.807 -0.2 1.9092
9.865 1.807 -0.2 1.916
9.883 1.807 -0.2 1.9232
9.899 1.807 -0.2 1.9296
9.925 1.807 -0.2 1.94
9.945 1.807 -0.2 1.948
9.964 1.807 -0.2 1.9556
9.98 1.807 -0.2 1.962
10 1.807 -0.2 1.97
10.029 1.7954 -0.2 1.97
10.042 1.7902 -0.2 1.97
10.058 1.7838 -0.2 1.97
10.073 1.7778 -0.2 1.97
10.086 1.7726 -0.2 1.97
10.105 1.765 -0.2 1.97
10.121 1.7586 -0.2 1.97
10.142 1.7502 -0.2 1.97
10.158 1.7438 -0.2 1.97
10.186 1.7326 -0.2 1.97
10.203 1.7258 -0.2 1.97
10.222 1.7182 -0.2 1.97
10.238 1.7118 -0.2 1.97
10.256 1.7046 -0.2 1.97
10.275 1.697 -0.2 1.97
10.288 1.6918 -0.2 1.97
10.305 1.685 -0.2 1.97
10.326 1.6766 -0.2 1.97
10.352 1.6662 -0.2 1.97
10.375 1.657 -0.2 1.97
10.395 1.649 -0.2 1.97
10.413 1.6418 -0.2 1.97
10.434 1.6334 -0.2 1.97
10.456 1.6246 -0.2 1.97
10.472 1.6182 -0.2 1.97
10.486 1.6126 -0.2 1.97
10.506 1.6046 -0.2 1.97
10.526 1.5966 -0.2 1.97
10.541 1.5906 -0.2 1.97
10.572 1.5782 -0.2 1.97
10.593 1.5698 -0.2 1.97
10.605 1.565 -0.2 1.97
10.628 1.5558 -0.2 1.97
10.646 1.5486 -0.2 1.97
10.661 1.5426 -0.2 1.97
10.676 1.5366 -0.2 1.97
10.691 1.5306 -0.2 1.97
10.71 1.523 -0.2 1.97
10.73 1.515 -0.2 1.97
10.751 1.5066 -0.2 1.97
10.779 1.4954 -0.2 1.97
10.801 1.4866 -0.2 1.97
10.822 1.4782 -0.2 1.97
10.836 1.4726 -0.2 1.97
10.857 1.4642 -0.2 1.97
10.876 1.4566 -0.2 1.97
10.903 1.4458 -0.2 1.97
10.916 1.4406 -0.2 1.97
10.935 1.433 -0.2 1.97
10.951 1.4266 -0.2 1.97
10.977 1.4162 -0.2 1.97
10.995 1.409 -0.2 1.97
11.011 1.4026 -0.2 1.97
11.029 1.3954 -0.2 1.97
11.048 1.3878 -0.2 1.97
11.073 1.3778 -0.2 1.97
11.078 1.3758 -0.2 1.97
11.094 1.3694 -0.2 1.97
11.113 1.3618 -0.2 1.97
11.132 1.3542 -0.2 1.97
11.153 1.3458 -0.2 1.97
11.171 1.3386 -0.2 1.97
11.193 1.3298 -0.2 1.97
11.21 1.323 -0.2 1.97
11.23 1.315 -0.2 1.97
11.247 1.3082 -0.2 1.97
11.262 1.3022 -0.2 1.97
11.275 1.297 -0.2 1.97
11.295 1.289 -0.2 1.97
11.313 1.2818 -0.2 1.97
11.332 1.2742 -0.2 1.97
11.353 1.2658 -0.2 1.97
11.382 1.2542 -0.2 1.97
11.407 1.2442 -0.2 1.97
11.426 1.2366 -0.2 1.97
11.443 1.2298 -0.2 1.97
11.462 1.2222 -0.2 1.97
11.477 1.2162 -0.2 1.97
11.493 1.2098 -0.2 1.97
11.511 1.2026 -0.2 1.97
11.53 1.195 -0.2 1.97
11.548 1.1878 -0.2 1.97
11.568 1.1798 -0.2 1.97
11.59 1.171 -0.2 1.97
11.606 1.1646 -0.2 1.97
11.622 1.1582 -0.2 1.97
11.646 1.1486 -0.2 1.97
11.663 1.1418 -0.2 1.97
11.694 1.1294 -0.2 1.97
11.717 1.1202 -0.2 1.97
11.736 1.1126 -0.2 1.97
11.759 1.1034 -0.2 1.97
11.779 1.0954 -0.2 1.97
11.797 1.0882 -0.2 1.97
11.817 1.0802 -0.2 1.97
11.839 1.0714 -0.2 1.97
11.866 1.0606 -0.2 1.97
11.882 1.0542 -0.2 1.97
11.898 1.0478 -0.2 1.97
11.916 1.0406 -0.2 1.97
11.932 1.0342 -0.2 1.97
11.949 1.0274 -0.2 1.97
11.97 1.019 -0.2 1.97
11.988 1.0118 -0.2 1.97
12.012 1.0022 -0.2 1.97
12.026 0.9966 -0.2 1.97
12.039 0.9914 -0.2 1.97
12.051 0.9866 -0.2 1.97
12.067 0.9802 -0.2 1.97
12.092 0.9702 -0.2 1.97
12.113 0.9618 -0.2 1.97
12.125 0.957 -0.2 1.97
12.146 0.9486 -0.2 1.97
12.169 0.9394 -0.2 1.97
12.184 0.9334 -0.2 1.97
12.196 0.9286 -0.2 1.97
12.213 0.9218 -0.2 1.97
12.239 0.9114 -0.2 1.97
12.255 0.905 -0.2 1.97
12.274 0.8974 -0.2 1.97
12.291 0.8906 -0.2 1.97
12.308 0.8838 -0.2 1.97
12.326 0.8766 -0.2 1.97
12.351 0.8666 -0.2 1.97
12.368 0.8598 -0.2 1.97
12.385 0.853 -0.2 1.97
12.396 0.8486 -0.2 1.97
12.424 0.8374 -0.2 1.97
12.447 0.8282 -0.2 1.97
12.459 0.8234 -0.2 1.97
12.477 0.8162 -0.2 1.97
12.494 0.8094 -0.2 1.97
12.515 0.807 -0.2 1.964
12.537 0.807 -0.2 1.9552
12.556 0.807 -0.2 1.9476
12.58 0.807 -0.2 1.938
12.597 0.807 -0.2 1.9312
12.617 0.807 -0.2 1.9232
12.638 0.807 -0.2 1.9148
12.657 0.807 -0.2 1.9072
12.686 0.807 -0.2 1.8956
12.699 0.807 -0.2 1.8904
12.729 0.807 -0.2 1.8784
12.747 0.807 -0.2 1.8712
12.767 0.807 -0.2 1.8632
12.801 0.807 -0.2 1.8496
12.818 0.807 -0.2 1.8428
12.832 0.807 -0.2 1.8372
12.848 0.807 -0.2 1.8308
12.864 0.807 -0.2 1.8244
12.882 0.807 -0.2 1.8172
12.897 0.807 -0.2 1.8112
12.916 0.807 -0.2 1.8036
12.934 0.807 -0.2 1.7964
12.947 0.807 -0.2 1.7912
12.967 0.807 -0.2 1.7832
12.988 0.807 -0.2 1.7748
12.998 0.807 -0.2 1.7708
13.016 0.807 -0.2 1.7636
13.03 0.807 -0.2 1.758
13.056 0.807 -0.2 1.7476
13.079 0.807 -0.2 1.7384
13.093 0.807 -0.2 1.7328
13.105 0.807 -0.2 1.728
13.136 0.807 -0.2 1.7156
13.166 0.807 -0.2 1.7036
13.182 0.807 -0.2 1.6972
13.208 0.807 -0.2 1.6868
13.221 0.807 -0.2 1.6816
13.237 0.807 -0.2 1.6752
13.253 0.807 -0.2 1.6688
13.267 0.807 -0.2 1.6632
13.286 0.807 -0.2 1.6556
13.302 0.807 -0.2 1.6492
13.323 0.807 -0.2 1.6408
13.343 0.807 -0.2 1.6328
13.369 0.807 -0.2 1.6224
13.383 0.807 -0.2 1.6168
13.399 0.807 -0.2 1.6104
13.416 0.807 -0.2 1.6036
13.433 0.807 -0.2 1.5968
13.461 0.807 -0.2 1.5856
13.476 0.807 -0.2 1.5796
13.497 0.807 -0.2 1.5712
13.52 0.807 -0.2 1.562
13.541 0.807 -0.2 1.5536
13.562 0.807 -0.2 1.5452
13.578 0.807 -0.2 1.5388
13.608 0.807 -0.2 1.5268
13.622 0.807 -0.2 1.5212
13.639 0.807 -0.2 1.5144
13.653 0.807 -0.2 1.5088
13.664 0.807 -0.2 1.5044
13.676 0.807 -0.2 1.4996
13.692 0.807 -0.2 1.4932
13.71 0.807 -0.2 1.486
13.723 0.807 -0.2 1.4808
13.738 0.807 -0.2 1.4748
13.755 0.807 -0.2 1.468
13.779 0.807 -0.2 1.4584
13.795 0.807 -0.2 1.452
13.821 0.807 -0.2 1.4416
13.845 0.807 -0.2 1.432
13.864 0.807 -0.2 1.4244
13.883 0.807 -0.2 1.4168
13.897 0.807 -0.2 1.4112
13.916 0.807 -0.2 1.4036
13.938 0.807 -0.2 1.3948
13.952 0.807 -0.2 1.3892
13.975 0.807 -0.2 1.38
13.99 0.807 -0.2 1.374
14.009 0.807 -0.2 1.3664
14.03 0.807 -0.2 1.358
14.046 0.807 -0.2 1.3516
14.061 0.807 -0.2 1.3456
14.08 0.807 -0.2 1.338
14.096 0.807 -0.2 1.3316
14.112 0.807 -0.2 1.3252
14.135 0.807 -0.2 1.316
14.146 0.807 -0.2 1.3116
14.169 0.807 -0.2 1.3024
14.183 0.807 -0.2 1.2968
14.201 0.807 -0.2 1.2896
14.218 0.807 -0.2 1.2828
14.235 0.807 -0.2 1.276
14.254 0.807 -0.2 1.2684
14.281 0.807 -0.2 1.2576
14.304 0.807 -0.2 1.2484
14.327 0.807 -0.2 1.2392
14.352 0.807 -0.2 1.2292
14.376 0.807 -0.2 1.2196
14.391 0.807 -0.2 1.2136
14.407 0.807 -0.2 1.2072
14.427 0.807 -0.2 1.1992
14.445 0.807 -0.2 1.192
14.46 0.807 -0.2 1.186
14.479 0.807 -0.2 1.1784
14.501 0.807 -0.2 1.1696
14.521 0.807 -0.2 1.1616
14.536 0.807 -0.2 1.1556
14.551 0.807 -0.2 1.1496
14.569 0.807 -0.2 1.1424
14.589 0.807 -0.2 1.1344
14.6 0.807 -0.2 1.13
14.617 0.807 -0.2 1.1232
14.636 0.807 -0.2 1.1156
14.647 0.807 -0.2 1.1112
14.671 0.807 -0.2 1.1016
14.69 0.807 -0.2 1.094
14.715 0.807 -0.2 1.084
14.728 0.807 -0.2 1.0788
14.749 0.807 -0.2 1.0704
14.768 0.807 -0.2 1.0628
14.782 0.807 -0.2 1.0572
14.808 0.807 -0.2 1.0468
14.819 0.807 -0.2 1.0424
14.845 0.807 -0.2 1.032
14.868 0.807 -0.2 1.0228
14.885 0.807 -0.2 1.016
14.898 0.807 -0.2 1.0108
14.919 0.807 -0.2 1.0024
14.943 0.807 -0.2 0.9928
14.969 0.807 -0.2 0.9824
14.978 0.807 -0.2 0.9788
14.998 0.807 -0.2 0.9708
15.021 0.8154 -0.2 0.97
15.038 0.8222 -0.2 0.97
15.053 0.8282 -0.2 0.97
15.07 0.835 -0.2 0.97
15.088 0.8422 -0.2 0.97
15.101 0.8474 -0.2 0.97
15.12 0.855 -0.2 0.97
15.136 0.8614 -0.2 0.97
15.176 0.8774 -0.2 0.97
15.192 0.8838 -0.2 0.97
15.207 0.8898 -0.2 0.97
15.229 0.8986 -0.2 0.97
15.254 0.9086 -0.2 0.97
15.268 0.9142 -0.2 0.97
15.29 0.923 -0.2 0.97
15.319 0.9346 -0.2 0.97
15.336 0.9414 -0.2 0.97
15.352 0.9478 -0.2 0.97
15.378 0.9582 -0.2 0.97
15.397 0.9658 -0.2 0.97
15.407 0.9698 -0.2 0.97
15.424 0.9766 -0.2 0.97
15.445 0.985 -0.2 0.97
15.459 0.9906 -0.2 0.97
15.486 1.0014 -0.2 0.97
15.5 1.007 -0.2 0.97
15.515 1.013 -0.2 0.97
15.538 1.0222 -0.2 0.97
15.555 1.029 -0.2 0.97
15.572 1.0358 -0.2 0.97
15.586 1.0414 -0.2 0.97
15.606 1.0494 -0.2 0.97
15.617 1.0538 -0.2 0.97
15.636 1.0614 -0.2 0.97
15.673 1.0762 -0.2 0.97
15.693 1.0842 -0.2 0.97
15.714 1.0926 -0.2 0.97
15.727 1.0978 -0.2 0.97
15.744 1.1046 -0.2 0.97
15.765 1.113 -0.2 0.97
15.78 1.119 -0.2 0.97
15.795 1.125 -0.2 0.97
15.817 1.1338 -0.2 0.97
15.838 1.1422 -0.2 0.97
15.849 1.1466 -0.2 0.97
15.868 1.1542 -0.2 0.97
15.886 1.1614 -0.2 0.97
15.906 1.1694 -0.2 0.97
15.915 1.173 -0.2 0.97
15.941 1.1834 -0.2 0.97
15.957 1.1898 -0.2 0.97
15.977 1.1978 -0.2 0.97
15.998 1.2062 -0.2 0.97
16.013 1.2122 -0.2 0.97
16.035 1.221 -0.2 0.97
16.057 1.2298 -0.2 0.97
16.078 1.2382 -0.2 0.97
16.095 1.245 -0.2 0.97
16.112 1.2518 -0.2 0.97
16.127 1.2578 -0.2 0.97
16.144 1.2646 -0.2 0.97
16.162 1.2718 -0.2 0.97
16.174 1.2766 -0.2 0.97
16.188 1.2822 -0.2 0.97
16.201 1.2874 -0.2 0.97
16.224 1.2966 -0.2 0.97
16.234 1.3006 -0.2 0.97
16.254 1.3086 -0.2 0.97
16.277 1.3178 -0.2 0.97
16.283 1.3202 -0.2 0.97
16.311 1.3314 -0.2 0.97
16.326 1.3374 -0.2 0.97
16.343 1.3442 -0.2 0.97
16.359 1.3506 -0.2 0.97
16.387 1.3618 -0.2 0.97
16.406 1.3694 -0.2 0.97
16.432 1.3798 -0.2 0.97
16.453 1.3882 -0.2 0.97
16.473 1.3962 -0.2 0.97
16.495 1.405 -0.2 0.97
16.512 1.4118 -0.2 0.97
16.536 1.4214 -0.2 0.97
16.569 1.4346 -0.2 0.97
16.596 1.4454 -0.2 0.97
16.613 1.4522 -0.2 0.97
16.632 1.4598 -0.2 0.97
16.649 1.4666 -0.2 0.97
16.662 1.4718 -0.2 0.97
16.677 1.4778 -0.2 0.97
16.695 1.485 -0.2 0.97
16.712 1.4918 -0.2 0.97
16.729 1.4986 -0.2 0.97
16.749 1.5066 -0.2 0.97
16.769 1.5146 -0.2 0.97
16.786 1.5214 -0.2 0.97
16.798 1.5262 -0.2 0.97
16.82 1.535 -0.2 0.97
16.845 1.545 -0.2 0.97
16.861 1.5514 -0.2 0.97
16.874 1.5566 -0.2 0.97
16.894 1.5646 -0.2 0.97
16.914 1.5726 -0.2 0.97
16.928 1.5782 -0.2 0.97
16.944 1.5846 -0.2 0.97
16.979 1.5986 -0.2 0.97
17.005 1.609 -0.2 0.97
17.025 1.617 -0.2 0.97
17.042 1.6238 -0.2 0.97
17.055 1.629 -0.2 0.97
17.069 1.6346 -0.2 0.97
17.091 1.6434 -0.2 0.97
17.105 1.649 -0.2 0.97
17.126 1.6574 -0.2 0.97
17.142 1.6638 -0.2 0.97
17.164 1.6726 -0.2 0.97
17.176 1.6774 -0.2 0.97
17.195 1.685 -0.2 0.97
17.205 1.689 -0.2 0.97
17.218 1.6942 -0.2 0.97
17.236 1.7014 -0.2 0.97
17.249 1.7066 -0.2 0.97
17.263 1.7122 -0.2 0.97
17.286 1.7214 -0.2 0.97
17.311 1.7314 -0.2 0.97
17.348 1.7462 -0.2 0.97
17.359 1.7506 -0.2 0.97
17.372 1.7558 -0.2 0.97
17.394 1.7646 -0.2 0.97
17.409 1.7706 -0.2 0.97
17.428 1.7782 -0.2 0.97
17.445 1.785 -0.2 0.97
17.469 1.7946 -0.2 0.97
17.481 1.7994 -0.2 0.97
17.494 1.8046 -0.2 0.97
17.51 1.807 -0.2 0.974
17.53 1.807 -0.2 0.982
17.55 1.807 -0.2 0.99
17.57 1.807 -0.2 0.998
17.589 1.807 -0.2 1.0056
17.613 1.807 -0.2 1.0152
17.64 1.807 -0.2 1.026
17.652 1.807 -0.2 1.0308
17.672 1.807 -0.2 1.0388
17.695 1.807 -0.2 1.048
17.709 1.807 -0.2 1.0536
17.729 1.807 -0.2 1.0616
17.749 1.807 -0.2 1.0696
17.761 1.807 -0.2 1.0744
17.779 1.807 -0.2 1.0816
17.803 1.807 -0.2 1.0912
17.819 1.807 -0.2 1.0976
17.855 1.807 -0.2 1.112
17.878 1.807 -0.2 1.1212
17.9 1.807 -0.2 1.13
17.919 1.807 -0.2 1.1376
17.941 1.807 -0.2 1.1464
17.958 1.807 -0.2 1.1532
17.971 1.807 -0.2 1.1584
17.991 1.807 -0.2 1.1664
18.015 1.807 -0.2 1.176
18.035 1.807 -0.2 1.184
18.047 1.807 -0.2 1.1888
18.061 1.807 -0.2 1.1944
18.084 1.807 -0.2 1.2036
18.1 1.807 -0.2 1.21
18.125 1.807 -0.2 1.22
18.144 1.807 -0.2 1.2276
18.161 1.807 -0.2 1.2344
18.189 1.807 -0.2 1.2456
18.206 1.807 -0.2 1.2524
18.224 1.807 -0.2 1.2596
18.241 1.807 -0.2 1.2664
18.266 1.807 -0.2 1.2764
18.28 1.807 -0.2 1.282
18.297 1.807 -0.2 1.2888
18.323 1.807 -0.2 1.2992
18.347 1.807 -0.2 1.3088
18.369 1.807 -0.2 1.3176
18.381 1.807 -0.2 1.3224
18.399 1.807 -0.2 1.3296
18.42 1.807 -0.2 1.338
18.443 1.807 -0.2 1.3472
18.462 1.807 -0.2 1.3548
18.482 1.807 -0.2 1.3628
18.504 1.807 -0.2 1.3716
18.527 1.807 -0.2 1.3808
18.546 1.807 -0.2 1.3884
18.566 1.807 -0.2 1.3964
18.585 1.807 -0.2 1.404
18.603 1.807 -0.2 1.4112
18.619 1.807 -0.2 1.4176
18.641 1.807 -0.2 1.4264
18.679 1.807 -0.2 1.4416
18.704 1.807 -0.2 1.4516
18.724 1.807 -0.2 1.4596
18.746 1.807 -0.2 1.4684
18.763 1.807 -0.2 1.4752
18.783 1.807 -0.2 1.4832
18.808 1.807 -0.2 1.4932
18.829 1.807 -0.2 1.5016
18.856 1.807 -0.2 1.5124
18.877 1.807 -0.2 1.5208
18.895 1.807 -0.2 1.528
18.913 1.807 -0.2 1.5352
18.925 1.807 -0.2 1.54
18.94 1.807 -0.2 1.546
18.962 1.807 -0.2 1.5548
18.985 1.807 -0.2 1.564
19.007 1.807 -0.2 1.5728
19.024 1.807 -0.2 1.5796
19.045 1.807 -0.2 1.588
19.064 1.807 -0.2 1.5956
19.094 1.807 -0.2 1.6076
19.107 1.807 -0.2 1.6128
19.13 1.807 -0.2 1.622
19.15 1.807 -0.2 1.63
19.172 1.807 -0.2 1.6388
19.187 1.807 -0.2 1.6448
19.202 1.807 -0.2 1.6508
19.226 1.807 -0.2 1.6604
19.243 1.807 -0.2 1.6672
19.26 1.807 -0.2 1.674
19.274 1.807 -0.2 1.6796
19.288 1.807 -0.2 1.6852
19.308 1.807 -0.2 1.6932
19.323 1.807 -0.2 1.6992
19.342 1.807 -0.2 1.7068
19.369 1.807 -0.2 1.7176
19.378 1.807 -0.2 1.7212
19.397 1.807 -0.2 1.7288
19.42 1.807 -0.2 1.738
19.442 1.807 -0.2 1.7468
19.461 1.807 -0.2 1.7544
19.476 1.807 -0.2 1.7604
19.499 1.807 -0.2 1.7696
19.521 1.807 -0.2 1.7784
19.543 1.807 -0.2 1.7872
19.555 1.807 -0.2 1.792
19.567 1.807 -0.2 1.7968
19.584 1.807 -0.2 1.8036
19.6 1.807 -0.2 1.81
19.622 1.807 -0.2 1.8188
19.643 1.807 -0.2 1.8272
19.654 1.807 -0.2 1.8316
19.668 1.807 -0.2 1.8372
19.685 1.807 -0.2 1.844
19.699 1.807 -0.2 1.8496
19.72 1.807 -0.2 1.858
19.744 1.807 -0.2 1.8676
19.767 1.807 -0.2 1.8768
19.784 1.807 -0.2 1.8836
19.797 1.807 -0.2 1.8888
19.82 1.807 -0.2 1.898
19.838 1.807 -0.2 1.9052
19.855 1.807 -0.2 1.912
19.878 1.807 -0.2 1.9212
19.893 1.807 -0.2 1.9272
19.923 1.807 -0.2 1.9392
19.939 1.807 -0.2 1.9456
19.958 1.807 -0.2 1.9532
19.97 1.807 -0.2 1.958
19.985 1.807 -0.2 1.964
20.003 1.8058 -0.2 1.97
20.022 1.7982 -0.2 1.97
20.044 1.7894 -0.2 1.97
20.061 1.7826 -0.2 1.97
20.083 1.7738 -0.2 1.97
20.097 1.7682 -0.2 1.97
20.119 1.7594 -0.2 1.97
20.141 1.7506 -0.2 1.97
20.159 1.7434 -0.2 1.97
20.178 1.7358 -0.2 1.97
20.196 1.7286 -0.2 1.97
20.22 1.719 -0.2 1.97
20.24 1.711 -0.2 1.97
20.267 1.7002 -0.2 1.97
20.278 1.6958 -0.2 1.97
20.296 1.6886 -0.2 1.97
20.303 1.6858 -0.2 1.97
20.327 1.6762 -0.2 1.97
20.345 1.669 -0.2 1.97
20.366 1.6606 -0.2 1.97
20.383 1.6538 -0.2 1.97
20.398 1.6478 -0.2 1.97
20.42 1.639 -0.2 1.97
20.438 1.6318 -0.2 1.97
20.449 1.6274 -0.2 1.97
20.466 1.6206 -0.2 1.97
20.495 1.609 -0.2 1.97
20.521 1.5986 -0.2 1.97
20.539 1.5914 -0.2 1.97
20.561 1.5826 -0.2 1.97
20.58 1.575 -0.2 1.97
20.611 1.5626 -0.2 1.97
20.633 1.5538 -0.2 1.97
20.656 1.5446 -0.2 1.97
20.676 1.5366 -0.2 1.97
20.698 1.5278 -0.2 1.97
20.724 1.5174 -0.2 1.97
20.748 1.5078 -0.2 1.97
20.76 1.503 -0.2 1.97
20.777 1.4962 -0.2 1.97
20.795 1.489 -0.2 1.97
20.826 1.4766 -0.2 1.97
20.849 1.4674 -0.2 1.97
20.861 1.4626 -0.2 1.97
20.883 1.4538 -0.2 1.97
20.899 1.4474 -0.2 1.97
20.912 1.4422 -0.2 1.97
20.932 1.4342 -0.2 1.97
20.948 1.4278 -0.2 1.97
20.966 1.4206 -0.2 1.97
20.988 1.4118 -0.2 1.97
21.003 1.4058 -0.2 1.97
21.038 1.3918 -0.2 1.97
21.058 1.3838 -0.2 1.97
21.078 1.3758 -0.2 1.97
21.096 1.3686 -0.2 1.97
21.108 1.3638 -0.2 1.97
21.123 1.3578 -0.2 1.97
21.143 1.3498 -0.2 1.97
21.165 1.341 -0.2 1.97
21.182 1.3342 -0.2 1.97
21.202 1.3262 -0.2 1.97
21.217 1.3202 -0.2 1.97
21.233 1.3138 -0.2 1.97
21.249 1.3074 -0.2 1.97
21.265 1.301 -0.2 1.97
21.284 1.2934 -0.2 1.97
21.304 1.2854 -0.2 1.97
21.326 1.2766 -0.2 1.97
21.336 1.2726 -0.2 1.97
21.354 1.2654 -0.2 1.97
21.369 1.2594 -0.2 1.97
21.38 1.255 -0.2 1.97
21.401 1.2466 -0.2 1.97
21.419 1.2394 -0.2 1.97
21.438 1.2318 -0.2 1.97
21.456 1.2246 -0.2 1.97
21.48 1.215 -0.2 1.97
21.503 1.2058 -0.2 1.97
21.523 1.1978 -0.2 1.97
21.539 1.1914 -0.2 1.97
21.557 1.1842 -0.2 1.97
21.581 1.1746 -0.2 1.97
21.598 1.1678 -0.2 1.97
21.617 1.1602 -0.2 1.97
21.641 1.1506 -0.2 1.97
21.658 1.1438 -0.2 1.97
21.689 1.1314 -0.2 1.97
21.712 1.1222 -0.2 1.97
21.733 1.1138 -0.2 1.97
21.747 1.1082 -0.2 1.97
21.774 1.0974 -0.2 1.97
21.788 1.0918 -0.2 1.97
21.806 1.0846 -0.2 1.97
21.819 1.0794 -0.2 1.97
21.839 1.0714 -0.2 1.97
21.856 1.0646 -0.2 1.97
21.877 1.0562 -0.2 1.97
21.901 1.0466 -0.2 1.97
21.919 1.0394 -0.2 1.97
21.936 1.0326 -0.2 1.97
21.947 1.0282 -0.2 1.97
21.964 1.0214 -0.2 1.97
21.982 1.0142 -0.2 1.97
21.994 1.0094 -0.2 1.97
22.01 1.003 -0.2 1.97
22.027 0.9962 -0.2 1.97
22.044 0.9894 -0.2 1.97
22.059 0.9834 -0.2 1.97
22.081 0.9746 -0.2 1.97
22.097 0.9682 -0.2 1.97
22.122 0.9582 -0.2 1.97
22.137 0.9522 -0.2 1.97
22.156 0.9446 -0.2 1.97
22.17 0.939 -0.2 1.97
22.189 0.9314 -0.2 1.97
22.203 0.9258 -0.2 1.97
22.234 0.9134 -0.2 1.97
22.247 0.9082 -0.2 1.97
22.264 0.9014 -0.2 1.97
22.281 0.8946 -0.2 1.97
22.298 0.8878 -0.2 1.97
22.318 0.8798 -0.2 1.97
22.333 0.8738 -0.2 1.97
22.346 0.8686 -0.2 1.97
22.362 0.8622 -0.2 1.97
22.382 0.8542 -0.2 1.97
22.398 0.8478 -0.2 1.97
22.419 0.8394 -0.2 1.97
22.434 0.8334 -0.2 1.97
22.445 0.829 -0.2 1.97
22.467 0.8202 -0.2 1.97
22.485 0.813 -0.2 1.97
22.496 0.8086 -0.2 1.97
22.523 0.807 -0.2 1.9608
22.545 0.807 -0.2 1.952
22.566 0.807 -0.2 1.9436
22.584 0.807 -0.2 1.9364
22.599 0.807 -0.2 1.9304
22.623 0.807 -0.2 1.9208
22.639 0.807 -0.2 1.9144
22.652 0.807 -0.2 1.9092
22.663 0.807 -0.2 1.9048
22.681 0.807 -0.2 1.8976
22.694 0.807 -0.2 1.8924
22.711 0.807 -0.2 1.8856
22.729 0.807 -0.2 1.8784
22.742 0.807 -0.2 1.8732
22.756 0.807 -0.2 1.8676
22.779 0.807 -0.2 1.8584
22.802 0.807 -0.2 1.8492
22.822 0.807 -0.2 1.8412
22.838 0.807 -0.2 1.8348
22.861 0.807 -0.2 1.8256
22.884 0.807 -0.2 1.8164
22.906 0.807 -0.2 1.8076
22.926 0.807 -0.2 1.7996
22.941 0.807 -0.2 1.7936
22.96 0.807 -0.2 1.786
22.978 0.807 -0.2 1.7788
22.999 0.807 -0.2 1.7704
23.019 0.807 -0.2 1.7624
23.036 0.807 -0.2 1.7556
23.048 0.807 -0.2 1.7508
23.091 0.807 -0.2 1.7336
23.122 0.807 -0.2 1.7212
23.141 0.807 -0.2 1.7136
23.157 0.807 -0.2 1.7072
23.169 0.807 -0.2 1.7024
23.189 0.807 -0.2 1.6944
23.207 0.807 -0.2 1.6872
23.217 0.807 -0.2 1.6832
23.23 0.807 -0.2 1.678
23.247 0.807 -0.2 1.6712
23.264 0.807 -0.2 1.6644
23.289 0.807 -0.2 1.6544
23.306 0.807 -0.2 1.6476
23.327 0.807 -0.2 1.6392
23.353 0.807 -0.2 1.6288
23.368 0.807 -0.2 1.6228
23.395 0.807 -0.2 1.612
23.41 0.807 -0.2 1.606
23.432 0.807 -0.2 1.5972
23.452 0.807 -0.2 1.5892
23.473 0.807 -0.2 1.5808
23.485 0.807 -0.2 1.576
23.501 0.807 -0.2 1.5696
23.524 0.807 -0.2 1.5604
23.547 0.807 -0.2 1.5512
23.577 0.807 -0.2 1.5392
23.598 0.807 -0.2 1.5308
23.615 0.807 -0.2 1.524
23.63 0.807 -0.2 1.518
23.645 0.807 -0.2 1.512
23.658 0.807 -0.2 1.5068
23.678 0.807 -0.2 1.4988
23.7 0.807 -0.2 1.49
23.72 0.807 -0.2 1.482
23.738 0.807 -0.2 1.4748
23.754 0.807 -0.2 1.4684
23.79 0.807 -0.2 1.454
23.821 0.807 -0.2 1.4416
23.835 0.807 -0.2 1.436
23.857 0.807 -0.2 1.4272
23.874 0.807 -0.2 1.4204
23.907 0.807 -0.2 1.4072
23.918 0.807 -0.2 1.4028
23.936 0.807 -0.2 1.3956
23.955 0.807 -0.2 1.388
23.975 0.807 -0.2 1.38
23.993 0.807 -0.2 1.3728
24.011 0.807 -0.2 1.3656
24.026 0.807 -0.2 1.3596
24.044 0.807 -0.2 1.3524
24.07 0.807 -0.2 1.342
24.093 0.807 -0.2 1.3328
24.107 0.807 -0.2 1.3272
24.123 0.807 -0.2 1.3208
24.137 0.807 -0.2 1.3152
24.155 0.807 -0.2 1.308
24.171 0.807 -0.2 1.3016
24.194 0.807 -0.2 1.2924
24.212 0.807 -0.2 1.2852
24.239 0.807 -0.2 1.2744
24.252 0.807 -0.2 1.2692
24.27 0.807 -0.2 1.262
24.29 0.807 -0.2 1.254
24.313 0.807 -0.2 1.2448
24.334 0.807 -0.2 1.2364
24.357 0.807 -0.2 1.2272
24.384 0.807 -0.2 1.2164
24.416 0.807 -0.2 1.2036
24.438 0.807 -0.2 1.1948
24.458 0.807 -0.2 1.1868
24.469 0.807 -0.2 1.1824
24.491 0.807 -0.2 1.1736
24.507 0.807 -0.2 1.1672
24.523 0.807 -0.2 1.1608
24.549 0.807 -0.2 1.1504
24.568 0.807 -0.2 1.1428
24.586 0.807 -0.2 1.1356
24.601 0.807 -0.2 1.1296
24.629 0.807 -0.2 1.1184
24.644 0.807 -0.2 1.1124
24.66 0.807 -0.2 1.106
24.676 0.807 -0.2 1.0996
24.69 0.807 -0.2 1.094
24.714 0.807 -0.2 1.0844
24.729 0.807 -0.2 1.0784
24.744 0.807 -0.2 1.0724
24.762 0.807 -0.2 1.0652
24.776 0.807 -0.2 1.0596
24.788 0.807 -0.2 1.0548
24.815 0.807 -0.2 1.044
24.832 0.807 -0.2 1.0372
24.854 0.807 -0.2 1.0284
24.872 0.807 -0.2 1.0212
24.889 0.807 -0.2 1.0144
24.907 0.807 -0.2 1.0072
24.917 0.807 -0.2 1.0032
24.946 0.807 -0.2 0.9916
24.978 0.807 -0.2 0.9788
24.998 0.807 -0.2 0.9708
25.016 0.8134 -0.2 0.97
25.026 0.8174 -0.2 0.97
25.046 0.8254 -0.2 0.97
25.07 0.835 -0.2 0.97
25.088 0.8422 -0.2 0.97
25.108 0.8502 -0.2 0.97
25.136 0.8614 -0.2 0.97
25.159 0.8706 -0.2 0.97
25.185 0.881 -0.2 0.97
25.2 0.887 -0.2 0.97
25.224 0.8966 -0.2 0.97
25.246 0.9054 -0.2 0.97
25.267 0.9138 -0.2 0.97
25.286 0.9214 -0.2 0.97
25.304 0.9286 -0.2 0.97
25.333 0.9402 -0.2 0.97
25.341 0.9434 -0.2 0.97
25.361 0.9514 -0.2 0.97
25.374 0.9566 -0.2 0.97
25.391 0.9634 -0.2 0.97
25.409 0.9706 -0.2 0.97
25.425 0.977 -0.2 0.97
25.445 0.985 -0.2 0.97
25.465 0.993 -0.2 0.97
25.48 0.999 -0.2 0.97
25.497 1.0058 -0.2 0.97
25.514 1.0126 -0.2 0.97
25.542 1.0238 -0.2 0.97
25.556 1.0294 -0.2 0.97
25.574 1.0366 -0.2 0.97
25.591 1.0434 -0.2 0.97
25.607 1.0498 -0.2 0.97
25.623 1.0562 -0.2 0.97
25.647 1.0658 -0.2 0.97
25.666 1.0734 -0.2 0.97
25.686 1.0814 -0.2 0.97
25.705 1.089 -0.2 0.97
25.722 1.0958 -0.2 0.97
25.753 1.1082 -0.2 0.97
25.765 1.113 -0.2 0.97
25.784 1.1206 -0.2 0.97
25.801 1.1274 -0.2 0.97
25.821 1.1354 -0.2 0.97
25.84 1.143 -0.2 0.97
25.859 1.1506 -0.2 0.97
25.879 1.1586 -0.2 0.97
25.895 1.165 -0.2 0.97
25.913 1.1722 -0.2 0.97
25.936 1.1814 -0.2 0.97
25.951 1.1874 -0.2 0.97
25.969 1.1946 -0.2 0.97
25.983 1.2002 -0.2 0.97
26.009 1.2106 -0.2 0.97
26.027 1.2178 -0.2 0.97
26.045 1.225 -0.2 0.97
