0 1.807 -0.2 1.97 0 0 0 0 0 0
0.026 1.7966 -0.2 1.97 0.00519941 0.00519941 0.00519941 0.00519941 0.00519941 0.00519941
0.047 1.7882 -0.2 1.97 0.00939654 0.00939654 0.00939654 0.00939654 0.00939654 0.00939654
0.07 1.779 -0.2 1.97 0.0139886 0.0139886 0.0139886 0.0139886 0.0139886 0.0139886
0.084 1.7734 -0.2 1.97 0.0167803 0.0167803 0.0167803 0.0167803 0.0167803 0.0167803
0.102 1.7662 -0.2 1.97 0.0203646 0.0203646 0.0203646 0.0203646 0.0203646 0.0203646
0.193 1.7298 -0.2 1.97 0.0383608 0.0383608 0.0383608 0.0383608 0.0383608 0.0383608
0.212 1.7222 -0.2 1.97 0.0420831 0.0420831 0.0420831 0.0420831 0.0420831 0.0420831
0.235 1.713 -0.2 1.97 0.0465686 0.0465686 0.0465686 0.0465686 0.0465686 0.0465686
0.254 1.7054 -0.2 1.97 0.0502555 0.0502555 0.0502555 0.0502555 0.0502555 0.0502555
0.273 1.6978 -0.2 1.97 0.0539243 0.0539243 0.0539243 0.0539243 0.0539243 0.0539243
0.294 1.6894 -0.2 1.97 0.0579566 0.0579566 0.0579566 0.0579566 0.0579566 0.0579566
0.387 1.6522 -0.2 1.97 0.0754824 0.0754824 0.0754824 0.0754824 0.0754824 0.0754824
0.402 1.6462 -0.2 1.97 0.0782519 0.0782519 0.0782519 0.0782519 0.0782519 0.0782519
0.417 1.6402 -0.2 1.97 0.0810039 0.0810039 0.0810039 0.0810039 0.0810039 0.0810039
0.441 1.6306 -0.2 1.97 0.0853688 0.0853688 0.0853688 0.0853688 0.0853688 0.0853688
0.458 1.6238 -0.2 1.97 0.088431 0.088431 0.088431 0.088431 0.088431 0.088431
0.483 1.6138 -0.2 1.97 0.0928876 0.0928876 0.0928876 0.0928876 0.0928876 0.0928876
0.572 1.5782 -0.2 1.97 0.108263 0.108263 0.108263 0.108263 0.108263 0.108263
0.588 1.5718 -0.2 1.97 0.11094 0.11094 0.11094 0.11094 0.11094 0.11094
0.6 1.567 -0.2 1.97 0.112928 0.112928 0.112928 0.112928 0.112928 0.112928
0.622 1.5582 -0.2 1.97 0.116532 0.116532 0.116532 0.116532 0.116532 0.116532
0.649 1.5474 -0.2 1.97 0.120878 0.120878 0.120878 0.120878 0.120878 0.120878
0.67 1.539 -0.2 1.97 0.124197 0.124197 0.124197 0.124197 0.124197 0.124197
0.757 1.5042 -0.2 1.97 0.137349 0.137349 0.137349 0.137349 0.137349 0.137349
0.771 1.4986 -0.2 1.97 0.139371 0.139371 0.139371 0.139371 0.139371 0.139371
0.786 1.4926 -0.2 1.97 0.141506 0.141506 0.141506 0.141506 0.141506 0.141506
0.802 1.4862 -0.2 1.97 0.14375 0.14375 0.14375 0.14375 0.14375 0.14375
0.817 1.4802 -0.2 1.97 0.145819 0.145819 0.145819 0.145819 0.145819 0.145819
0.838 1.4718 -0.2 1.97 0.148661 0.148661 0.148661 0.148661 0.148661 0.148661
0.856 1.4646 -0.2 1.97 0.151045 0.151045 0.151045 0.151045 0.151045 0.151045
0.93 1.435 -0.2 1.97 0.160324 0.160324 0.160324 0.160324 0.160324 0.160324
0.948 1.4278 -0.2 1.97 0.16245 0.16245 0.16245 0.16245 0.16245 0.16245
0.957 1.4242 -0.2 1.97 0.163493 0.163493 0.163493 0.163493 0.163493 0.163493
0.966 1.4206 -0.2 1.97 0.164524 0.164524 0.164524 0.164524 0.164524 0.164524
0.982 1.4142 -0.2 1.97 0.166322 0.166322 0.166322 0.166322 0.166322 0.166322
0.999 1.4074 -0.2 1.97 0.168186 0.168186 0.168186 0.168186 0.168186 0.168186
1.022 1.3982 -0.2 1.97 0.170631 0.170631 0.170631 0.170631 0.170631 0.170631
1.035 1.393 -0.2 1.97 0.171972 0.171972 0.171972 0.171972 0.171972 0.171972
1.127 1.3562 -0.2 1.97 0.180626 0.180626 0.180626 0.180626 0.180626 0.180626
1.142 1.3502 -0.2 1.97 0.181893 0.181893 0.181893 0.181893 0.181893 0.181893
1.155 1.345 -0.2 1.97 0.182959 0.182959 0.182959 0.182959 0.182959 0.182959
1.172 1.3382 -0.2 1.97 0.184306 0.184306 0.184306 0.184306 0.184306 0.184306
1.192 1.3302 -0.2 1.97 0.185822 0.185822 0.185822 0.185822 0.185822 0.185822
1.209 1.3234 -0.2 1.97 0.187053 0.187053 0.187053 0.187053 0.187053 0.187053
1.222 1.3182 -0.2 1.97 0.187957 0.187957 0.187957 0.187957 0.187957 0.187957
1.304 1.2854 -0.2 1.97 0.192924 0.192924 0.192924 0.192924 0.192924 0.192924
1.312 1.2822 -0.2 1.97 0.19334 0.19334 0.19334 0.19334 0.19334 0.19334
1.348 1.2678 -0.2 1.97 0.195057 0.195057 0.195057 0.195057 0.195057 0.195057
1.389 1.2514 -0.2 1.97 0.196704 0.196704 0.196704 0.196704 0.196704 0.196704
1.406 1.2446 -0.2 1.97 0.19729 0.19729 0.19729 0.19729 0.19729 0.19729
1.492 1.2102 -0.2 1.97 0.199379 0.199379 0.199379 0.199379 0.199379 0.199379
1.509 1.2034 -0.2 1.97 0.199618 0.199618 0.199618 0.199618 0.199618 0.199618
1.523 1.1978 -0.2 1.97 0.199772 0.199772 0.199772 0.199772 0.199772 0.199772
1.54 1.191 -0.2 1.97 0.199905 0.199905 0.199905 0.199905 0.199905 0.199905
1.564 1.1814 -0.2 1.97 0.199995 0.199995 0.199995 0.199995 0.199995 0.199995
1.575 1.177 -0.2 1.97 0.199998 0.199998 0.199998 0.199998 0.199998 0.199998
1.594 1.1694 -0.2 1.97 0.199946 0.199946 0.199946 0.199946 0.199946 0.199946
1.696 1.1286 -0.2 1.97 0.198434 0.198434 0.198434 0.198434 0.198434 0.198434
1.719 1.1194 -0.2 1.97 0.197808 0.197808 0.197808 0.197808 0.197808 0.197808
1.737 1.1122 -0.2 1.97 0.197244 0.197244 0.197244 0.197244 0.197244 0.197244
1.756 1.1046 -0.2 1.97 0.19658 0.19658 0.19658 0.19658 0.19658 0.19658
1.77 1.099 -0.2 1.97 0.196045 0.196045 0.196045 0.196045 0.196045 0.196045
1.782 1.0942 -0.2 1.97 0.195556 0.195556 0.195556 0.195556 0.195556 0.195556
1.8 1.087 -0.2 1.97 0.19477 0.19477 0.19477 0.19477 0.19477 0.19477
1.893 1.0498 -0.2 1.97 0.189708 0.189708 0.189708 0.189708 0.189708 0.189708
1.913 1.0418 -0.2 1.97 0.188403 0.188403 0.188403 0.188403 0.188403 0.188403
1.929 1.0354 -0.2 1.97 0.187306 0.187306 0.187306 0.187306 0.187306 0.187306
1.945 1.029 -0.2 1.97 0.18616 0.18616 0.18616 0.18616 0.18616 0.18616
1.959 1.0234 -0.2 1.97 0.185118 0.185118 0.185118 0.185118 0.185118 0.185118
1.974 1.0174 -0.2 1.97 0.183962 0.183962 0.183962 0.183962 0.183962 0.183962
1.979 1.0154 -0.2 1.97 0.183567 0.183567 0.183567 0.183567 0.183567 0.183567
2.003 1.0058 -0.2 1.97 0.181609 0.181609 0.181609 0.181609 0.181609 0.181609
2.078 0.9758 -0.2 1.97 0.174821 0.174821 0.174821 0.174821 0.174821 0.174821
2.092 0.9702 -0.2 1.97 0.173444 0.173444 0.173444 0.173444 0.173444 0.173444
2.108 0.9638 -0.2 1.97 0.171829 0.171829 0.171829 0.171829 0.171829 0.171829
2.14 0.951 -0.2 1.97 0.168466 0.168466 0.168466 0.168466 0.168466 0.168466
2.156 0.9446 -0.2 1.97 0.16672 0.16672 0.16672 0.16672 0.16672 0.16672
2.173 0.9378 -0.2 1.97 0.164818 0.164818 0.164818 0.164818 0.164818 0.164818
2.267 0.9002 -0.2 1.97 0.153456 0.153456 0.153456 0.153456 0.153456 0.153456
2.295 0.889 -0.2 1.97 0.149805 0.149805 0.149805 0.149805 0.149805 0.149805
2.308 0.8838 -0.2 1.97 0.14807 0.14807 0.14807 0.14807 0.14807 0.14807
2.325 0.877 -0.2 1.97 0.145763 0.145763 0.145763 0.145763 0.145763 0.145763
2.341 0.8706 -0.2 1.97 0.143554 0.143554 0.143554 0.143554 0.143554 0.143554
2.379 0.8554 -0.2 1.97 0.13816 0.13816 0.13816 0.13816 0.13816 0.13816
2.477 0.8162 -0.2 1.97 0.123348 0.123348 0.123348 0.123348 0.123348 0.123348
2.498 0.8078 -0.2 1.97 0.120015 0.120015 0.120015 0.120015 0.120015 0.120015
2.529 0.807 -0.2 1.9584 0.114998 0.114998 0.114998 0.114998 0.114998 0.114998
2.547 0.807 -0.2 1.9512 0.112034 0.112034 0.112034 0.112034 0.112034 0.112034
2.577 0.807 -0.2 1.9392 0.107014 0.107014 0.107014 0.107014 0.107014 0.107014
2.66 0.807 -0.2 1.906 0.0926383 0.0926383 0.0926383 0.0926383 0.0926383 0.0926383
2.679 0.807 -0.2 1.8984 0.089254 0.089254 0.089254 0.089254 0.089254 0.089254
2.691 0.807 -0.2 1.8936 0.0870998 0.0870998 0.0870998 0.0870998 0.0870998 0.0870998
2.705 0.807 -0.2 1.888 0.0845708 0.0845708 0.0845708 0.0845708 0.0845708 0.0845708
2.731 0.807 -0.2 1.8776 0.0798306 0.0798306 0.0798306 0.0798306 0.0798306 0.0798306
2.748 0.807 -0.2 1.8708 0.0767018 0.0767018 0.0767018 0.0767018 0.0767018 0.0767018
2.77 0.807 -0.2 1.862 0.07262 0.07262 0.07262 0.07262 0.07262 0.07262
2.865 0.807 -0.2 1.824 0.0546159 0.0546159 0.0546159 0.0546159 0.0546159 0.0546159
2.887 0.807 -0.2 1.8152 0.0503702 0.0503702 0.0503702 0.0503702 0.0503702 0.0503702
2.905 0.807 -0.2 1.808 0.0468783 0.0468783 0.0468783 0.0468783 0.0468783 0.0468783
2.924 0.807 -0.2 1.8004 0.0431759 0.0431759 0.0431759 0.0431759 0.0431759 0.0431759
2.942 0.807 -0.2 1.7932 0.039654 0.039654 0.039654 0.039654 0.039654 0.039654
2.958 0.807 -0.2 1.7868 0.0365126 0.0365126 0.0365126 0.0365126 0.0365126 0.0365126
2.974 0.807 -0.2 1.7804 0.0333618 0.0333618 0.0333618 0.0333618 0.0333618 0.0333618
3.072 0.807 -0.2 1.7412 0.0139073 0.0139073 0.0139073 0.0139073 0.0139073 0.0139073
3.096 0.807 -0.2 1.7316 0.00911537 0.00911537 0.00911537 0.00911537 0.00911537 0.00911537
3.116 0.807 -0.2 1.7236 0.00511797 0.00511797 0.00511797 0.00511797 0.00511797 0.00511797
3.132 0.807 -0.2 1.7172 0.0019185 0.0019185 0.0019185 0.0019185 0.0019185 0.0019185
3.147 0.807 -0.2 1.7112 -0.00108146 -0.00108146 -0.00108146 -0.00108146 -0.00108146 -0.00108146
3.163 0.807 -0.2 1.7048 -0.00428114 -0.00428114 -0.00428114 -0.00428114 -0.00428114 -0.00428114
3.184 0.807 -0.2 1.6964 -0.00847893 -0.00847893 -0.00847893 -0.00847893 -0.00847893 -0.00847893
3.274 0.807 -0.2 1.6604 -0.0264042 -0.0264042 -0.0264042 -0.0264042 -0.0264042 -0.0264042
3.292 0.807 -0.2 1.6532 -0.0299682 -0.0299682 -0.0299682 -0.0299682 -0.0299682 -0.0299682
3.31 0.807 -0.2 1.646 -0.0335225 -0.0335225 -0.0335225 -0.0335225 -0.0335225 -0.0335225
3.332 0.807 -0.2 1.6372 -0.0378518 -0.0378518 -0.0378518 -0.0378518 -0.0378518 -0.0378518
3.348 0.807 -0.2 1.6308 -0.040989 -0.040989 -0.040989 -0.040989 -0.040989 -0.040989
3.364 0.807 -0.2 1.6244 -0.0441157 -0.0441157 -0.0441157 -0.0441157 -0.0441157 -0.0441157
3.376 0.807 -0.2 1.6196 -0.0464533 -0.0464533 -0.0464533 -0.0464533 -0.0464533 -0.0464533
3.483 0.807 -0.2 1.5768 -0.0669627 -0.0669627 -0.0669627 -0.0669627 -0.0669627 -0.0669627
3.497 0.807 -0.2 1.5712 -0.0695945 -0.0695945 -0.0695945 -0.0695945 -0.0695945 -0.0695945
3.52 0.807 -0.2 1.562 -0.0738882 -0.0738882 -0.0738882 -0.0738882 -0.0738882 -0.0738882
3.537 0.807 -0.2 1.5552 -0.0770368 -0.0770368 -0.0770368 -0.0770368 -0.0770368 -0.0770368
3.558 0.807 -0.2 1.5468 -0.0808955 -0.0808955 -0.0808955 -0.0808955 -0.0808955 -0.0808955
3.572 0.807 -0.2 1.5412 -0.0834482 -0.0834482 -0.0834482 -0.0834482 -0.0834482 -0.0834482
3.665 0.807 -0.2 1.504 -0.0999668 -0.0999668 -0.0999668 -0.0999668 -0.0999668 -0.0999668
3.692 0.807 -0.2 1.4932 -0.104607 -0.104607 -0.104607 -0.104607 -0.104607 -0.104607
3.711 0.807 -0.2 1.4856 -0.107827 -0.107827 -0.107827 -0.107827 -0.107827 -0.107827
3.724 0.807 -0.2 1.4804 -0.110007 -0.110007 -0.110007 -0.110007 -0.110007 -0.110007
3.742 0.807 -0.2 1.4732 -0.112996 -0.112996 -0.112996 -0.112996 -0.112996 -0.112996
3.762 0.807 -0.2 1.4652 -0.116273 -0.116273 -0.116273 -0.116273 -0.116273 -0.116273
3.848 0.807 -0.2 1.4308 -0.129821 -0.129821 -0.129821 -0.129821 -0.129821 -0.129821
3.864 0.807 -0.2 1.4244 -0.132239 -0.132239 -0.132239 -0.132239 -0.132239 -0.132239
3.879 0.807 -0.2 1.4184 -0.134474 -0.134474 -0.134474 -0.134474 -0.134474 -0.134474
3.898 0.807 -0.2 1.4108 -0.137263 -0.137263 -0.137263 -0.137263 -0.137263 -0.137263
3.913 0.807 -0.2 1.4048 -0.139429 -0.139429 -0.139429 -0.139429 -0.139429 -0.139429
3.924 0.807 -0.2 1.4004 -0.140998 -0.140998 -0.140998 -0.140998 -0.140998 -0.140998
3.939 0.807 -0.2 1.3944 -0.143109 -0.143109 -0.143109 -0.143109 -0.143109 -0.143109
3.952 0.807 -0.2 1.3892 -0.144914 -0.144914 -0.144914 -0.144914 -0.144914 -0.144914
4.052 0.807 -0.2 1.3492 -0.157951 -0.157951 -0.157951 -0.157951 -0.157951 -0.157951
4.063 0.807 -0.2 1.3448 -0.159291 -0.159291 -0.159291 -0.159291 -0.159291 -0.159291
4.077 0.807 -0.2 1.3392 -0.160968 -0.160968 -0.160968 -0.160968 -0.160968 -0.160968
4.094 0.807 -0.2 1.3324 -0.162963 -0.162963 -0.162963 -0.162963 -0.162963 -0.162963
4.11 0.807 -0.2 1.326 -0.164797 -0.164797 -0.164797 -0.164797 -0.164797 -0.164797
4.122 0.807 -0.2 1.3212 -0.166145 -0.166145 -0.166145 -0.166145 -0.166145 -0.166145
4.141 0.807 -0.2 1.3136 -0.16823 -0.16823 -0.16823 -0.16823 -0.16823 -0.16823
4.229 0.807 -0.2 1.2784 -0.177085 -0.177085 -0.177085 -0.177085 -0.177085 -0.177085
4.258 0.807 -0.2 1.2668 -0.179706 -0.179706 -0.179706 -0.179706 -0.179706 -0.179706
4.277 0.807 -0.2 1.2592 -0.181341 -0.181341 -0.181341 -0.181341 -0.181341 -0.181341
4.296 0.807 -0.2 1.2516 -0.182911 -0.182911 -0.182911 -0.182911 -0.182911 -0.182911
4.318 0.807 -0.2 1.2428 -0.184646 -0.184646 -0.184646 -0.184646 -0.184646 -0.184646
4.337 0.807 -0.2 1.2352 -0.186073 -0.186073 -0.186073 -0.186073 -0.186073 -0.186073
4.427 0.807 -0.2 1.1992 -0.19191 -0.19191 -0.19191 -0.19191 -0.19191 -0.19191
4.447 0.807 -0.2 1.1912 -0.192998 -0.192998 -0.192998 -0.192998 -0.192998 -0.192998
4.467 0.807 -0.2 1.1832 -0.194009 -0.194009 -0.194009 -0.194009 -0.194009 -0.194009
4.482 0.807 -0.2 1.1772 -0.194716 -0.194716 -0.194716 -0.194716 -0.194716 -0.194716
4.494 0.807 -0.2 1.1724 -0.19525 -0.19525 -0.19525 -0.19525 -0.19525 -0.19525
4.512 0.807 -0.2 1.1652 -0.195998 -0.195998 -0.195998 -0.195998 -0.195998 -0.195998
4.53 0.807 -0.2 1.158 -0.196683 -0.196683 -0.196683 -0.196683 -0.196683 -0.196683
4.612 0.807 -0.2 1.1252 -0.198993 -0.198993 -0.198993 -0.198993 -0.198993 -0.198993
4.632 0.807 -0.2 1.1172 -0.199354 -0.199354 -0.199354 -0.199354 -0.199354 -0.199354
4.643 0.807 -0.2 1.1128 -0.199519 -0.199519 -0.199519 -0.199519 -0.199519 -0.199519
4.66 0.807 -0.2 1.106 -0.199726 -0.199726 -0.199726 -0.199726 -0.199726 -0.199726
4.678 0.807 -0.2 1.0988 -0.199882 -0.199882 -0.199882 -0.199882 -0.199882 -0.199882
4.701 0.807 -0.2 1.0896 -0.199987 -0.199987 -0.199987 -0.199987 -0.199987 -0.199987
4.715 0.807 -0.2 1.084 -0.199999 -0.199999 -0.199999 -0.199999 -0.199999 -0.199999
4.79 0.807 -0.2 1.054 -0.199398 -0.199398 -0.199398 -0.199398 -0.199398 -0.199398
4.809 0.807 -0.2 1.0464 -0.199067 -0.199067 -0.199067 -0.199067 -0.199067 -0.199067
4.824 0.807 -0.2 1.0404 -0.198756 -0.198756 -0.198756 -0.198756 -0.198756 -0.198756
4.841 0.807 -0.2 1.0336 -0.198348 -0.198348 -0.198348 -0.198348 -0.198348 -0.198348
4.858 0.807 -0.2 1.0268 -0.197883 -0.197883 -0.197883 -0.197883 -0.197883 -0.197883
4.875 0.807 -0.2 1.02 -0.197362 -0.197362 -0.197362 -0.197362 -0.197362 -0.197362
4.891 0.807 -0.2 1.0136 -0.196818 -0.196818 -0.196818 -0.196818 -0.196818 -0.196818
4.974 0.807 -0.2 0.9804 -0.193195 -0.193195 -0.193195 -0.193195 -0.193195 -0.193195
4.998 0.807 -0.2 0.9708 -0.191898 -0.191898 -0.191898 -0.191898 -0.191898 -0.191898
5.015 0.813 -0.2 0.97 -0.190912 -0.190912 -0.190912 -0.190912 -0.190912 -0.190912
5.028 0.8182 -0.2 0.97 -0.190121 -0.190121 -0.190121 -0.190121 -0.190121 -0.190121
5.05 0.827 -0.2 0.97 -0.18871 -0.18871 -0.18871 -0.18871 -0.18871 -0.18871
5.064 0.8326 -0.2 0.97 -0.187764 -0.187764 -0.187764 -0.187764 -0.187764 -0.187764
5.08 0.839 -0.2 0.97 -0.186638 -0.186638 -0.186638 -0.186638 -0.186638 -0.186638
5.171 0.8754 -0.2 0.97 -0.179334 -0.179334 -0.179334 -0.179334 -0.179334 -0.179334
5.188 0.8822 -0.2 0.97 -0.177803 -0.177803 -0.177803 -0.177803 -0.177803 -0.177803
5.201 0.8874 -0.2 0.97 -0.176597 -0.176597 -0.176597 -0.176597 -0.176597 -0.176597
5.217 0.8938 -0.2 0.97 -0.175073 -0.175073 -0.175073 -0.175073 -0.175073 -0.175073
5.236 0.9014 -0.2 0.97 -0.173204 -0.173204 -0.173204 -0.173204 -0.173204 -0.173204
5.253 0.9082 -0.2 0.97 -0.171479 -0.171479 -0.171479 -0.171479 -0.171479 -0.171479
5.268 0.9142 -0.2 0.97 -0.169916 -0.169916 -0.169916 -0.169916 -0.169916 -0.169916
5.357 0.9498 -0.2 0.97 -0.159867 -0.159867 -0.159867 -0.159867 -0.159867 -0.159867
5.371 0.9554 -0.2 0.97 -0.158169 -0.158169 -0.158169 -0.158169 -0.158169 -0.158169
5.39 0.963 -0.2 0.97 -0.155815 -0.155815 -0.155815 -0.155815 -0.155815 -0.155815
5.408 0.9702 -0.2 0.97 -0.153532 -0.153532 -0.153532 -0.153532 -0.153532 -0.153532
5.428 0.9782 -0.2 0.97 -0.150939 -0.150939 -0.150939 -0.150939 -0.150939 -0.150939
5.448 0.9862 -0.2 0.97 -0.148284 -0.148284 -0.148284 -0.148284 -0.148284 -0.148284
5.535 1.021 -0.2 0.97 -0.136062 -0.136062 -0.136062 -0.136062 -0.136062 -0.136062
5.555 1.029 -0.2 0.97 -0.133103 -0.133103 -0.133103 -0.133103 -0.133103 -0.133103
5.569 1.0346 -0.2 0.97 -0.131 -0.131 -0.131 -0.131 -0.131 -0.131
5.589 1.0426 -0.2 0.97 -0.127952 -0.127952 -0.127952 -0.127952 -0.127952 -0.127952
5.607 1.0498 -0.2 0.97 -0.125164 -0.125164 -0.125164 -0.125164 -0.125164 -0.125164
5.618 1.0542 -0.2 0.97 -0.123441 -0.123441 -0.123441 -0.123441 -0.123441 -0.123441
5.635 1.061 -0.2 0.97 -0.120748 -0.120748 -0.120748 -0.120748 -0.120748 -0.120748
5.736 1.1014 -0.2 0.97 -0.104057 -0.104057 -0.104057 -0.104057 -0.104057 -0.104057
5.754 1.1086 -0.2 0.97 -0.100966 -0.100966 -0.100966 -0.100966 -0.100966 -0.100966
5.772 1.1158 -0.2 0.97 -0.0978423 -0.0978423 -0.0978423 -0.0978423 -0.0978423 -0.0978423
5.783 1.1202 -0.2 0.97 -0.0959176 -0.0959176 -0.0959176 -0.0959176 -0.0959176 -0.0959176
5.817 1.1338 -0.2 0.97 -0.0898964 -0.0898964 -0.0898964 -0.0898964 -0.0898964 -0.0898964
5.848 1.1462 -0.2 0.97 -0.0843157 -0.0843157 -0.0843157 -0.0843157 -0.0843157 -0.0843157
5.924 1.1766 -0.2 0.97 -0.0703023 -0.0703023 -0.0703023 -0.0703023 -0.0703023 -0.0703023
5.948 1.1862 -0.2 0.97 -0.0657888 -0.0657888 -0.0657888 -0.0657888 -0.0657888 -0.0657888
5.966 1.1934 -0.2 0.97 -0.0623787 -0.0623787 -0.0623787 -0.0623787 -0.0623787 -0.0623787
5.981 1.1994 -0.2 0.97 -0.0595214 -0.0595214 -0.0595214 -0.0595214 -0.0595214 -0.0595214
5.995 1.205 -0.2 0.97 -0.0568426 -0.0568426 -0.0568426 -0.0568426 -0.0568426 -0.0568426
6.013 1.2122 -0.2 0.97 -0.053382 -0.053382 -0.053382 -0.053382 -0.053382 -0.053382
6.029 1.2186 -0.2 0.97 -0.0502914 -0.0502914 -0.0502914 -0.0502914 -0.0502914 -0.0502914
6.105 1.249 -0.2 0.97 -0.0354488 -0.0354488 -0.0354488 -0.0354488 -0.0354488 -0.0354488
6.121 1.2554 -0.2 0.97 -0.032295 -0.032295 -0.032295 -0.032295 -0.032295 -0.032295
6.137 1.2618 -0.2 0.97 -0.029133 -0.029133 -0.029133 -0.029133 -0.029133 -0.029133
6.155 1.269 -0.2 0.97 -0.0255669 -0.0255669 -0.0255669 -0.0255669 -0.0255669 -0.0255669
6.174 1.2766 -0.2 0.97 -0.0217937 -0.0217937 -0.0217937 -0.0217937 -0.0217937 -0.0217937
6.194 1.2846 -0.2 0.97 -0.0178134 -0.0178134 -0.0178134 -0.0178134 -0.0178134 -0.0178134
6.211 1.2914 -0.2 0.97 -0.0144245 -0.0144245 -0.0144245 -0.0144245 -0.0144245 -0.0144245
6.29 1.323 -0.2 0.97 0.00136293 0.00136293 0.00136293 0.00136293 0.00136293 0.00136293
6.311 1.3314 -0.2 0.97 0.00556222 0.00556222 0.00556222 0.00556222 0.00556222 0.00556222
6.327 1.3378 -0.2 0.97 0.00876014 0.00876014 0.00876014 0.00876014 0.00876014 0.00876014
6.347 1.3458 -0.2 0.97 0.0127543 0.0127543 0.0127543 0.0127543 0.0127543 0.0127543
6.372 1.3558 -0.2 0.97 0.0177396 0.0177396 0.0177396 0.0177396 0.0177396 0.0177396
6.386 1.3614 -0.2 0.97 0.0205267 0.0205267 0.0205267 0.0205267 0.0205267 0.0205267
6.462 1.3918 -0.2 0.97 0.0355727 0.0355727 0.0355727 0.0355727 0.0355727 0.0355727
6.481 1.3994 -0.2 0.97 0.0393054 0.0393054 0.0393054 0.0393054 0.0393054 0.0393054
6.492 1.4038 -0.2 0.97 0.0414601 0.0414601 0.0414601 0.0414601 0.0414601 0.0414601
6.511 1.4114 -0.2 0.97 0.0451698 0.0451698 0.0451698 0.0451698 0.0451698 0.0451698
6.524 1.4166 -0.2 0.97 0.0476988 0.0476988 0.0476988 0.0476988 0.0476988 0.0476988
6.552 1.4278 -0.2 0.97 0.0531178 0.0531178 0.0531178 0.0531178 0.0531178 0.0531178
6.567 1.4338 -0.2 0.97 0.056004 0.056004 0.056004 0.056004 0.056004 0.056004
6.646 1.4654 -0.2 0.97 0.0709814 0.0709814 0.0709814 0.0709814 0.0709814 0.0709814
6.662 1.4718 -0.2 0.97 0.0739639 0.0739639 0.0739639 0.0739639 0.0739639 0.0739639
6.687 1.4818 -0.2 0.97 0.0785858 0.0785858 0.0785858 0.0785858 0.0785858 0.0785858
6.712 1.4918 -0.2 0.97 0.0831586 0.0831586 0.0831586 0.0831586 0.0831586 0.0831586
6.726 1.4974 -0.2 0.97 0.0856969 0.0856969 0.0856969 0.0856969 0.0856969 0.0856969
6.746 1.5054 -0.2 0.97 0.0892937 0.0892937 0.0892937 0.0892937 0.0892937 0.0892937
6.827 1.5378 -0.2 0.97 0.103481 0.103481 0.103481 0.103481 0.103481 0.103481
6.853 1.5482 -0.2 0.97 0.107895 0.107895 0.107895 0.107895 0.107895 0.107895
6.88 1.559 -0.2 0.97 0.112402 0.112402 0.112402 0.112402 0.112402 0.112402
6.894 1.5646 -0.2 0.97 0.114707 0.114707 0.114707 0.114707 0.114707 0.114707
6.911 1.5714 -0.2 0.97 0.117476 0.117476 0.117476 0.117476 0.117476 0.117476
6.927 1.5778 -0.2 0.97 0.12005 0.12005 0.12005 0.12005 0.12005 0.12005
7.012 1.6118 -0.2 0.97 0.133197 0.133197 0.133197 0.133197 0.133197 0.133197
7.033 1.6202 -0.2 0.97 0.136301 0.136301 0.136301 0.136301 0.136301 0.136301
7.056 1.6294 -0.2 0.97 0.139631 0.139631 0.139631 0.139631 0.139631 0.139631
7.074 1.6366 -0.2 0.97 0.142185 0.142185 0.142185 0.142185 0.142185 0.142185
7.091 1.6434 -0.2 0.97 0.144556 0.144556 0.144556 0.144556 0.144556 0.144556
7.12 1.655 -0.2 0.97 0.148503 0.148503 0.148503 0.148503 0.148503 0.148503
7.206 1.6894 -0.2 0.97 0.159461 0.159461 0.159461 0.159461 0.159461 0.159461
7.225 1.697 -0.2 0.97 0.161725 0.161725 0.161725 0.161725 0.161725 0.161725
7.241 1.7034 -0.2 0.97 0.163587 0.163587 0.163587 0.163587 0.163587 0.163587
7.256 1.7094 -0.2 0.97 0.165295 0.165295 0.165295 0.165295 0.165295 0.165295
7.276 1.7174 -0.2 0.97 0.167513 0.167513 0.167513 0.167513 0.167513 0.167513
7.298 1.7262 -0.2 0.97 0.169877 0.169877 0.169877 0.169877 0.169877 0.169877
7.32 1.735 -0.2 0.97 0.172157 0.172157 0.172157 0.172157 0.172157 0.172157
7.411 1.7714 -0.2 0.97 0.180696 0.180696 0.180696 0.180696 0.180696 0.180696
7.434 1.7806 -0.2 0.97 0.182619 0.182619 0.182619 0.182619 0.182619 0.182619
7.448 1.7862 -0.2 0.97 0.183743 0.183743 0.183743 0.183743 0.183743 0.183743
7.461 1.7914 -0.2 0.97 0.184754 0.184754 0.184754 0.184754 0.184754 0.184754
7.481 1.7994 -0.2 0.97 0.186249 0.186249 0.186249 0.186249 0.186249 0.186249
7.497 1.8058 -0.2 0.97 0.187391 0.187391 0.187391 0.187391 0.187391 0.187391
7.507 1.807 -0.2 0.9728 0.188081 0.188081 0.188081 0.188081 0.188081 0.188081
7.588 1.807 -0.2 1.0052 0.192967 0.192967 0.192967 0.192967 0.192967 0.192967
7.611 1.807 -0.2 1.0144 0.194125 0.194125 0.194125 0.194125 0.194125 0.194125
7.629 1.807 -0.2 1.0216 0.19496 0.19496 0.19496 0.19496 0.19496 0.19496
7.644 1.807 -0.2 1.0276 0.195607 0.195607 0.195607 0.195607 0.195607 0.195607
7.657 1.807 -0.2 1.0328 0.196132 0.196132 0.196132 0.196132 0.196132 0.196132
7.674 1.807 -0.2 1.0396 0.196769 0.196769 0.196769 0.196769 0.196769 0.196769
7.697 1.807 -0.2 1.0488 0.197541 0.197541 0.197541 0.197541 0.197541 0.197541
7.773 1.807 -0.2 1.0792 0.199345 0.199345 0.199345 0.199345 0.199345 0.199345
7.787 1.807 -0.2 1.0848 0.199552 0.199552 0.199552 0.199552 0.199552 0.199552
7.796 1.807 -0.2 1.0884 0.199664 0.199664 0.199664 0.199664 0.199664 0.199664
7.811 1.807 -0.2 1.0944 0.199815 0.199815 0.199815 0.199815 0.199815 0.199815
7.826 1.807 -0.2 1.1004 0.199922 0.199922 0.199922 0.199922 0.199922 0.199922
7.84 1.807 -0.2 1.106 0.19998 0.19998 0.19998 0.19998 0.19998 0.19998
7.854 1.807 -0.2 1.1116 0.2 0.2 0.2 0.2 0.2 0.2
7.869 1.807 -0.2 1.1176 0.199977 0.199977 0.199977 0.199977 0.199977 0.199977
7.95 1.807 -0.2 1.15 0.199079 0.199079 0.199079 0.199079 0.199079 0.199079
7.968 1.807 -0.2 1.1572 0.198701 0.198701 0.198701 0.198701 0.198701 0.198701
7.989 1.807 -0.2 1.1656 0.19818 0.19818 0.19818 0.19818 0.19818 0.19818
8.01 1.807 -0.2 1.174 0.197571 0.197571 0.197571 0.197571 0.197571 0.197571
8.031 1.807 -0.2 1.1824 0.196875 0.196875 0.196875 0.196875 0.196875 0.196875
8.048 1.807 -0.2 1.1892 0.196247 0.196247 0.196247 0.196247 0.196247 0.196247
8.123 1.807 -0.2 1.2192 0.192806 0.192806 0.192806 0.192806 0.192806 0.192806
8.138 1.807 -0.2 1.2252 0.191987 0.191987 0.191987 0.191987 0.191987 0.191987
8.157 1.807 -0.2 1.2328 0.190888 0.190888 0.190888 0.190888 0.190888 0.190888
8.173 1.807 -0.2 1.2392 0.189909 0.189909 0.189909 0.189909 0.189909 0.189909
8.193 1.807 -0.2 1.2472 0.188616 0.188616 0.188616 0.188616 0.188616 0.188616
8.21 1.807 -0.2 1.254 0.187458 0.187458 0.187458 0.187458 0.187458 0.187458
8.226 1.807 -0.2 1.2604 0.186319 0.186319 0.186319 0.186319 0.186319 0.186319
8.307 1.807 -0.2 1.2928 0.179826 0.179826 0.179826 0.179826 0.179826 0.179826
8.321 1.807 -0.2 1.2984 0.178583 0.178583 0.178583 0.178583 0.178583 0.178583
8.328 1.807 -0.2 1.3012 0.177948 0.177948 0.177948 0.177948 0.177948 0.177948
8.346 1.807 -0.2 1.3084 0.176276 0.176276 0.176276 0.176276 0.176276 0.176276
8.359 1.807 -0.2 1.3136 0.175033 0.175033 0.175033 0.175033 0.175033 0.175033
8.381 1.807 -0.2 1.3224 0.172862 0.172862 0.172862 0.172862 0.172862 0.172862
8.395 1.807 -0.2 1.328 0.171437 0.171437 0.171437 0.171437 0.171437 0.171437
8.413 1.807 -0.2 1.3352 0.169555 0.169555 0.169555 0.169555 0.169555 0.169555
8.51 1.807 -0.2 1.374 0.158485 0.158485 0.158485 0.158485 0.158485 0.158485
8.526 1.807 -0.2 1.3804 0.156513 0.156513 0.156513 0.156513 0.156513 0.156513
8.538 1.807 -0.2 1.3852 0.155008 0.155008 0.155008 0.155008 0.155008 0.155008
8.56 1.807 -0.2 1.394 0.15219 0.15219 0.15219 0.15219 0.15219 0.15219
8.58 1.807 -0.2 1.402 0.149565 0.149565 0.149565 0.149565 0.149565 0.149565
8.603 1.807 -0.2 1.4112 0.146472 0.146472 0.146472 0.146472 0.146472 0.146472
8.62 1.807 -0.2 1.418 0.144135 0.144135 0.144135 0.144135 0.144135 0.144135
8.712 1.807 -0.2 1.4548 0.130788 0.130788 0.130788 0.130788 0.130788 0.130788
8.73 1.807 -0.2 1.462 0.128043 0.128043 0.128043 0.128043 0.128043 0.128043
8.745 1.807 -0.2 1.468 0.125724 0.125724 0.125724 0.125724 0.125724 0.125724
8.767 1.807 -0.2 1.4768 0.122272 0.122272 0.122272 0.122272 0.122272 0.122272
8.78 1.807 -0.2 1.482 0.120204 0.120204 0.120204 0.120204 0.120204 0.120204
8.801 1.807 -0.2 1.4904 0.116821 0.116821 0.116821 0.116821 0.116821 0.116821
8.821 1.807 -0.2 1.4984 0.113551 0.113551 0.113551 0.113551 0.113551 0.113551
8.897 1.807 -0.2 1.5288 0.100723 0.100723 0.100723 0.100723 0.100723 0.100723
8.916 1.807 -0.2 1.5364 0.0974221 0.0974221 0.0974221 0.0974221 0.0974221 0.0974221
8.93 1.807 -0.2 1.542 0.0949673 0.0949673 0.0949673 0.0949673 0.0949673 0.0949673
8.949 1.807 -0.2 1.5496 0.091606 0.091606 0.091606 0.091606 0.091606 0.091606
8.965 1.807 -0.2 1.556 0.0887498 0.0887498 0.0887498 0.0887498 0.0887498 0.0887498
8.985 1.807 -0.2 1.564 0.0851477 0.0851477 0.0851477 0.0851477 0.0851477 0.0851477
8.999 1.807 -0.2 1.5696 0.0826059 0.0826059 0.0826059 0.0826059 0.0826059 0.0826059
9.094 1.807 -0.2 1.6076 0.0649558 0.0649558 0.0649558 0.0649558 0.0649558 0.0649558
9.119 1.807 -0.2 1.6176 0.060207 0.060207 0.060207 0.060207 0.060207 0.060207
9.13 1.807 -0.2 1.622 0.0581055 0.0581055 0.0581055 0.0581055 0.0581055 0.0581055
9.149 1.807 -0.2 1.6296 0.0544591 0.0544591 0.0544591 0.0544591 0.0544591 0.0544591
9.173 1.807 -0.2 1.6392 0.0498253 0.0498253 0.0498253 0.0498253 0.0498253 0.0498253
9.188 1.807 -0.2 1.6452 0.0469143 0.0469143 0.0469143 0.0469143 0.0469143 0.0469143
9.276 1.807 -0.2 1.6804 0.0296459 0.0296459 0.0296459 0.0296459 0.0296459 0.0296459
9.294 1.807 -0.2 1.6876 0.0260811 0.0260811 0.0260811 0.0260811 0.0260811 0.0260811
9.306 1.807 -0.2 1.6924 0.0236998 0.0236998 0.0236998 0.0236998 0.0236998 0.0236998
9.325 1.807 -0.2 1.7 0.0199225 0.0199225 0.0199225 0.0199225 0.0199225 0.0199225
9.341 1.807 -0.2 1.7064 0.016736 0.016736 0.016736 0.016736 0.016736 0.016736
9.362 1.807 -0.2 1.7148 0.0125473 0.0125473 0.0125473 0.0125473 0.0125473 0.0125473
9.38 1.807 -0.2 1.722 0.0089526 0.0089526 0.0089526 0.0089526 0.0089526 0.0089526
9.465 1.807 -0.2 1.756 -0.00804224 -0.00804224 -0.00804224 -0.00804224 -0.00804224 -0.00804224
9.483 1.807 -0.2 1.7632 -0.0116378 -0.0116378 -0.0116378 -0.0116378 -0.0116378 -0.0116378
9.504 1.807 -0.2 1.7716 -0.0158278 -0.0158278 -0.0158278 -0.0158278 -0.0158278 -0.0158278
9.516 1.807 -0.2 1.7764 -0.0182191 -0.0182191 -0.0182191 -0.0182191 -0.0182191 -0.0182191
9.525 1.807 -0.2 1.78 -0.0200109 -0.0200109 -0.0200109 -0.0200109 -0.0200109 -0.0200109
9.543 1.807 -0.2 1.7872 -0.0235894 -0.0235894 -0.0235894 -0.0235894 -0.0235894 -0.0235894
9.565 1.807 -0.2 1.796 -0.0279526 -0.0279526 -0.0279526 -0.0279526 -0.0279526 -0.0279526
9.653 1.807 -0.2 1.8312 -0.0452492 -0.0452492 -0.0452492 -0.0452492 -0.0452492 -0.0452492
9.67 1.807 -0.2 1.838 -0.0485543 -0.0485543 -0.0485543 -0.0485543 -0.0485543 -0.0485543
9.687 1.807 -0.2 1.8448 -0.0518455 -0.0518455 -0.0518455 -0.0518455 -0.0518455 -0.0518455
9.704 1.807 -0.2 1.8516 -0.0551216 -0.0551216 -0.0551216 -0.0551216 -0.0551216 -0.0551216
9.721 1.807 -0.2 1.8584 -0.0583818 -0.0583818 -0.0583818 -0.0583818 -0.0583818 -0.0583818
9.733 1.807 -0.2 1.8632 -0.060673 -0.060673 -0.060673 -0.060673 -0.060673 -0.060673
9.751 1.807 -0.2 1.8704 -0.0640933 -0.0640933 -0.0640933 -0.0640933 -0.0640933 -0.0640933
9.844 1.807 -0.2 1.9076 -0.08141 -0.08141 -0.08141 -0.08141 -0.08141 -0.08141
9.867 1.807 -0.2 1.9168 -0.0855898 -0.0855898 -0.0855898 -0.0855898 -0.0855898 -0.0855898
9.877 1.807 -0.2 1.9208 -0.0873931 -0.0873931 -0.0873931 -0.0873931 -0.0873931 -0.0873931
9.892 1.807 -0.2 1.9268 -0.0900816 -0.0900816 -0.0900816 -0.0900816 -0.0900816 -0.0900816
9.914 1.807 -0.2 1.9356 -0.0939879 -0.0939879 -0.0939879 -0.0939879 -0.0939879 -0.0939879
9.928 1.807 -0.2 1.9412 -0.0964501 -0.0964501 -0.0964501 -0.0964501 -0.0964501 -0.0964501
9.945 1.807 -0.2 1.948 -0.0994146 -0.0994146 -0.0994146 -0.0994146 -0.0994146 -0.0994146
10.035 1.793 -0.2 1.97 -0.11461 -0.11461 -0.11461 -0.11461 -0.11461 -0.11461
10.057 1.7842 -0.2 1.97 -0.118188 -0.118188 -0.118188 -0.118188 -0.118188 -0.118188
10.078 1.7758 -0.2 1.97 -0.12155 -0.12155 -0.12155 -0.12155 -0.12155 -0.12155
10.103 1.7658 -0.2 1.97 -0.125482 -0.125482 -0.125482 -0.125482 -0.125482 -0.125482
10.122 1.7582 -0.2 1.97 -0.128418 -0.128418 -0.128418 -0.128418 -0.128418 -0.128418
10.144 1.7494 -0.2 1.97 -0.13176 -0.13176 -0.13176 -0.13176 -0.13176 -0.13176
10.228 1.7158 -0.2 1.97 -0.143919 -0.143919 -0.143919 -0.143919 -0.143919 -0.143919
10.249 1.7074 -0.2 1.97 -0.146804 -0.146804 -0.146804 -0.146804 -0.146804 -0.146804
10.271 1.6986 -0.2 1.97 -0.149756 -0.149756 -0.149756 -0.149756 -0.149756 -0.149756
10.299 1.6874 -0.2 1.97 -0.153409 -0.153409 -0.153409 -0.153409 -0.153409 -0.153409
10.31 1.683 -0.2 1.97 -0.154811 -0.154811 -0.154811 -0.154811 -0.154811 -0.154811
10.325 1.677 -0.2 1.97 -0.156693 -0.156693 -0.156693 -0.156693 -0.156693 -0.156693
10.396 1.6486 -0.2 1.97 -0.165115 -0.165115 -0.165115 -0.165115 -0.165115 -0.165115
10.413 1.6418 -0.2 1.97 -0.16701 -0.16701 -0.16701 -0.16701 -0.16701 -0.16701
10.435 1.633 -0.2 1.97 -0.16939 -0.16939 -0.16939 -0.16939 -0.16939 -0.16939
10.453 1.6258 -0.2 1.97 -0.171276 -0.171276 -0.171276 -0.171276 -0.171276 -0.171276
10.474 1.6174 -0.2 1.97 -0.173407 -0.173407 -0.173407 -0.173407 -0.173407 -0.173407
10.487 1.6122 -0.2 1.97 -0.174688 -0.174688 -0.174688 -0.174688 -0.174688 -0.174688
10.5 1.607 -0.2 1.97 -0.175939 -0.175939 -0.175939 -0.175939 -0.175939 -0.175939
10.583 1.5738 -0.2 1.97 -0.183218 -0.183218 -0.183218 -0.183218 -0.183218 -0.183218
10.601 1.5666 -0.2 1.97 -0.184632 -0.184632 -0.184632 -0.184632 -0.184632 -0.184632
10.618 1.5598 -0.2 1.97 -0.185912 -0.185912 -0.185912 -0.185912 -0.185912 -0.185912
10.633 1.5538 -0.2 1.97 -0.186997 -0.186997 -0.186997 -0.186997 -0.186997 -0.186997
10.646 1.5486 -0.2 1.97 -0.187904 -0.187904 -0.187904 -0.187904 -0.187904 -0.187904
10.656 1.5446 -0.2 1.97 -0.188579 -0.188579 -0.188579 -0.188579 -0.188579 -0.188579
10.677 1.5362 -0.2 1.97 -0.189937 -0.189937 -0.189937 -0.189937 -0.189937 -0.189937
10.764 1.5014 -0.2 1.97 -0.194661 -0.194661 -0.194661 -0.194661 -0.194661 -0.194661
10.783 1.4938 -0.2 1.97 -0.195498 -0.195498 -0.195498 -0.195498 -0.195498 -0.195498
10.798 1.4878 -0.2 1.97 -0.196109 -0.196109 -0.196109 -0.196109 -0.196109 -0.196109
10.812 1.4822 -0.2 1.97 -0.19664 -0.19664 -0.19664 -0.19664 -0.19664 -0.19664
10.841 1.4706 -0.2 1.97 -0.197615 -0.197615 -0.197615 -0.197615 -0.197615 -0.197615
10.875 1.457 -0.2 1.97 -0.198548 -0.198548 -0.198548 -0.198548 -0.198548 -0.198548
10.963 1.4218 -0.2 1.97 -0.199894 -0.199894 -0.199894 -0.199894 -0.199894 -0.199894
10.988 1.4118 -0.2 1.97 -0.199994 -0.199994 -0.199994 -0.199994 -0.199994 -0.199994
11.004 1.4054 -0.2 1.97 -0.199993 -0.199993 -0.199993 -0.199993 -0.199993 -0.199993
11.024 1.3974 -0.2 1.97 -0.199919 -0.199919 -0.199919 -0.199919 -0.199919 -0.199919
11.043 1.3898 -0.2 1.97 -0.199775 -0.199775 -0.199775 -0.199775 -0.199775 -0.199775
11.061 1.3826 -0.2 1.97 -0.199572 -0.199572 -0.199572 -0.199572 -0.199572 -0.199572
11.149 1.3474 -0.2 1.97 -0.197651 -0.197651 -0.197651 -0.197651 -0.197651 -0.197651
11.168 1.3398 -0.2 1.97 -0.197034 -0.197034 -0.197034 -0.197034 -0.197034 -0.197034
11.188 1.3318 -0.2 1.97 -0.196309 -0.196309 -0.196309 -0.196309 -0.196309 -0.196309
11.209 1.3234 -0.2 1.97 -0.195462 -0.195462 -0.195462 -0.195462 -0.195462 -0.195462
11.22 1.319 -0.2 1.97 -0.194984 -0.194984 -0.194984 -0.194984 -0.194984 -0.194984
11.239 1.3114 -0.2 1.97 -0.194104 -0.194104 -0.194104 -0.194104 -0.194104 -0.194104
11.253 1.3058 -0.2 1.97 -0.19341 -0.19341 -0.19341 -0.19341 -0.19341 -0.19341
11.34 1.271 -0.2 1.97 -0.188254 -0.188254 -0.188254 -0.188254 -0.188254 -0.188254
11.359 1.2634 -0.2 1.97 -0.186937 -0.186937 -0.186937 -0.186937 -0.186937 -0.186937
11.38 1.255 -0.2 1.97 -0.185403 -0.185403 -0.185403 -0.185403 -0.185403 -0.185403
11.405 1.245 -0.2 1.97 -0.18347 -0.18347 -0.18347 -0.18347 -0.18347 -0.18347
11.421 1.2386 -0.2 1.97 -0.182173 -0.182173 -0.182173 -0.182173 -0.182173 -0.182173
11.441 1.2306 -0.2 1.97 -0.180485 -0.180485 -0.180485 -0.180485 -0.180485 -0.180485
11.525 1.197 -0.2 1.97 -0.172619 -0.172619 -0.172619 -0.172619 -0.172619 -0.172619
11.542 1.1902 -0.2 1.97 -0.170877 -0.170877 -0.170877 -0.170877 -0.170877 -0.170877
11.559 1.1834 -0.2 1.97 -0.169086 -0.169086 -0.169086 -0.169086 -0.169086 -0.169086
11.58 1.175 -0.2 1.97 -0.166806 -0.166806 -0.166806 -0.166806 -0.166806 -0.166806
11.606 1.1646 -0.2 1.97 -0.163881 -0.163881 -0.163881 -0.163881 -0.163881 -0.163881
11.624 1.1574 -0.2 1.97 -0.161791 -0.161791 -0.161791 -0.161791 -0.161791 -0.161791
11.716 1.1206 -0.2 1.97 -0.150305 -0.150305 -0.150305 -0.150305 -0.150305 -0.150305
11.732 1.1142 -0.2 1.97 -0.148175 -0.148175 -0.148175 -0.148175 -0.148175 -0.148175
11.757 1.1042 -0.2 1.97 -0.144771 -0.144771 -0.144771 -0.144771 -0.144771 -0.144771
11.772 1.0982 -0.2 1.97 -0.142685 -0.142685 -0.142685 -0.142685 -0.142685 -0.142685
11.791 1.0906 -0.2 1.97 -0.139996 -0.139996 -0.139996 -0.139996 -0.139996 -0.139996
11.812 1.0822 -0.2 1.97 -0.136966 -0.136966 -0.136966 -0.136966 -0.136966 -0.136966
11.89 1.051 -0.2 1.97 -0.125193 -0.125193 -0.125193 -0.125193 -0.125193 -0.125193
11.902 1.0462 -0.2 1.97 -0.123313 -0.123313 -0.123313 -0.123313 -0.123313 -0.123313
11.921 1.0386 -0.2 1.97 -0.120299 -0.120299 -0.120299 -0.120299 -0.120299 -0.120299
11.939 1.0314 -0.2 1.97 -0.117404 -0.117404 -0.117404 -0.117404 -0.117404 -0.117404
11.958 1.0238 -0.2 1.97 -0.114306 -0.114306 -0.114306 -0.114306 -0.114306 -0.114306
11.982 1.0142 -0.2 1.97 -0.110335 -0.110335 -0.110335 -0.110335 -0.110335 -0.110335
12.005 1.005 -0.2 1.97 -0.106469 -0.106469 -0.106469 -0.106469 -0.106469 -0.106469
12.106 0.9646 -0.2 1.97 -0.088856 -0.088856 -0.088856 -0.088856 -0.088856 -0.088856
12.129 0.9554 -0.2 1.97 -0.0847118 -0.0847118 -0.0847118 -0.0847118 -0.0847118 -0.0847118
12.141 0.9506 -0.2 1.97 -0.0825317 -0.0825317 -0.0825317 -0.0825317 -0.0825317 -0.0825317
12.154 0.9454 -0.2 1.97 -0.0801565 -0.0801565 -0.0801565 -0.0801565 -0.0801565 -0.0801565
12.168 0.9398 -0.2 1.97 -0.0775834 -0.0775834 -0.0775834 -0.0775834 -0.0775834 -0.0775834
12.183 0.9338 -0.2 1.97 -0.0748097 -0.0748097 -0.0748097 -0.0748097 -0.0748097 -0.0748097
12.198 0.9278 -0.2 1.97 -0.0720192 -0.0720192 -0.0720192 -0.0720192 -0.0720192 -0.0720192
12.284 0.8934 -0.2 1.97 -0.0557266 -0.0557266 -0.0557266 -0.0557266 -0.0557266 -0.0557266
12.298 0.8878 -0.2 1.97 -0.0530321 -0.0530321 -0.0530321 -0.0530321 -0.0530321 -0.0530321
12.317 0.8802 -0.2 1.97 -0.0493588 -0.0493588 -0.0493588 -0.0493588 -0.0493588 -0.0493588
12.333 0.8738 -0.2 1.97 -0.0462516 -0.0462516 -0.0462516 -0.0462516 -0.0462516 -0.0462516
12.356 0.8646 -0.2 1.97 -0.0417645 -0.0417645 -0.0417645 -0.0417645 -0.0417645 -0.0417645
12.379 0.8554 -0.2 1.97 -0.0372552 -0.0372552 -0.0372552 -0.0372552 -0.0372552 -0.0372552
12.46 0.823 -0.2 1.97 -0.021234 -0.021234 -0.021234 -0.021234 -0.021234 -0.021234
12.478 0.8158 -0.2 1.97 -0.0176511 -0.0176511 -0.0176511 -0.0176511 -0.0176511 -0.0176511
12.499 0.8074 -0.2 1.97 -0.0134639 -0.0134639 -0.0134639 -0.0134639 -0.0134639 -0.0134639
12.521 0.807 -0.2 1.9616 -0.00907101 -0.00907101 -0.00907101 -0.00907101 -0.00907101 -0.00907101
12.534 0.807 -0.2 1.9564 -0.00647299 -0.00647299 -0.00647299 -0.00647299 -0.00647299 -0.00647299
12.551 0.807 -0.2 1.9496 -0.003074 -0.003074 -0.003074 -0.003074 -0.003074 -0.003074
12.567 0.807 -0.2 1.9432 0.000125877 0.000125877 0.000125877 0.000125877 0.000125877 0.000125877
12.662 0.807 -0.2 1.9052 0.0190967 0.0190967 0.0190967 0.0190967 0.0190967 0.0190967
12.684 0.807 -0.2 1.8964 0.0234717 0.0234717 0.0234717 0.0234717 0.0234717 0.0234717
12.697 0.807 -0.2 1.8912 0.0260516 0.0260516 0.0260516 0.0260516 0.0260516 0.0260516
12.714 0.807 -0.2 1.8844 0.0294187 0.0294187 0.0294187 0.0294187 0.0294187 0.0294187
12.737 0.807 -0.2 1.8752 0.0339605 0.0339605 0.0339605 0.0339605 0.0339605 0.0339605
12.755 0.807 -0.2 1.868 0.0375026 0.0375026 0.0375026 0.0375026 0.0375026 0.0375026
12.768 0.807 -0.2 1.8628 0.0400532 0.0400532 0.0400532 0.0400532 0.0400532 0.0400532
12.863 0.807 -0.2 1.8248 0.0584597 0.0584597 0.0584597 0.0584597 0.0584597 0.0584597
12.879 0.807 -0.2 1.8184 0.0615123 0.0615123 0.0615123 0.0615123 0.0615123 0.0615123
12.891 0.807 -0.2 1.8136 0.0637915 0.0637915 0.0637915 0.0637915 0.0637915 0.0637915
12.904 0.807 -0.2 1.8084 0.0662502 0.0662502 0.0662502 0.0662502 0.0662502 0.0662502
12.921 0.807 -0.2 1.8016 0.0694486 0.0694486 0.0694486 0.0694486 0.0694486 0.0694486
12.94 0.807 -0.2 1.794 0.0729994 0.0729994 0.0729994 0.0729994 0.0729994 0.0729994
12.961 0.807 -0.2 1.7856 0.0768932 0.0768932 0.0768932 0.0768932 0.0768932 0.0768932
13.037 0.807 -0.2 1.7552 0.0906895 0.0906895 0.0906895 0.0906895 0.0906895 0.0906895
13.056 0.807 -0.2 1.7476 0.0940598 0.0940598 0.0940598 0.0940598 0.0940598 0.0940598
13.071 0.807 -0.2 1.7416 0.0966966 0.0966966 0.0966966 0.0966966 0.0966966 0.0966966
13.088 0.807 -0.2 1.7348 0.0996587 0.0996587 0.0996587 0.0996587 0.0996587 0.0996587
13.1 0.807 -0.2 1.73 0.101732 0.101732 0.101732 0.101732 0.101732 0.101732
13.118 0.807 -0.2 1.7228 0.104815 0.104815 0.104815 0.104815 0.104815 0.104815
13.136 0.807 -0.2 1.7156 0.107864 0.107864 0.107864 0.107864 0.107864 0.107864
13.24 0.807 -0.2 1.674 0.124765 0.124765 0.124765 0.124765 0.124765 0.124765
13.262 0.807 -0.2 1.6652 0.128174 0.128174 0.128174 0.128174 0.128174 0.128174
13.28 0.807 -0.2 1.658 0.130916 0.130916 0.130916 0.130916 0.130916 0.130916
13.293 0.807 -0.2 1.6528 0.132871 0.132871 0.132871 0.132871 0.132871 0.132871
13.309 0.807 -0.2 1.6464 0.135245 0.135245 0.135245 0.135245 0.135245 0.135245
13.329 0.807 -0.2 1.6384 0.138165 0.138165 0.138165 0.138165 0.138165 0.138165
13.414 0.807 -0.2 1.6044 0.149943 0.149943 0.149943 0.149943 0.149943 0.149943
13.428 0.807 -0.2 1.5988 0.151781 0.151781 0.151781 0.151781 0.151781 0.151781
13.448 0.807 -0.2 1.5908 0.154355 0.154355 0.154355 0.154355 0.154355 0.154355
13.464 0.807 -0.2 1.5844 0.15637 0.15637 0.15637 0.15637 0.15637 0.15637
13.48 0.807 -0.2 1.578 0.158345 0.158345 0.158345 0.158345 0.158345 0.158345
13.502 0.807 -0.2 1.5692 0.160995 0.160995 0.160995 0.160995 0.160995 0.160995
13.522 0.807 -0.2 1.5612 0.163335 0.163335 0.163335 0.163335 0.163335 0.163335
13.619 0.807 -0.2 1.5224 0.173746 0.173746 0.173746 0.173746 0.173746 0.173746
13.64 0.807 -0.2 1.514 0.175787 0.175787 0.175787 0.175787 0.175787 0.175787
13.658 0.807 -0.2 1.5068 0.177476 0.177476 0.177476 0.177476 0.177476 0.177476
13.681 0.807 -0.2 1.4976 0.17955 0.17955 0.17955 0.17955 0.17955 0.17955
13.695 0.807 -0.2 1.492 0.180765 0.180765 0.180765 0.180765 0.180765 0.180765
13.713 0.807 -0.2 1.4848 0.182276 0.182276 0.182276 0.182276 0.182276 0.182276
13.796 0.807 -0.2 1.4516 0.188473 0.188473 0.188473 0.188473 0.188473 0.188473
13.814 0.807 -0.2 1.4444 0.189647 0.189647 0.189647 0.189647 0.189647 0.189647
13.833 0.807 -0.2 1.4368 0.190819 0.190819 0.190819 0.190819 0.190819 0.190819
13.842 0.807 -0.2 1.4332 0.191351 0.191351 0.191351 0.191351 0.191351 0.191351
13.879 0.807 -0.2 1.4184 0.193372 0.193372 0.193372 0.193372 0.193372 0.193372
13.894 0.807 -0.2 1.4124 0.194116 0.194116 0.194116 0.194116 0.194116 0.194116
13.997 0.807 -0.2 1.3712 0.198039 0.198039 0.198039 0.198039 0.198039 0.198039
14.012 0.807 -0.2 1.3652 0.198435 0.198435 0.198435 0.198435 0.198435 0.198435
14.026 0.807 -0.2 1.3596 0.198765 0.198765 0.198765 0.198765 0.198765 0.198765
14.044 0.807 -0.2 1.3524 0.199133 0.199133 0.199133 0.199133 0.199133 0.199133
14.063 0.807 -0.2 1.3448 0.19945 0.19945 0.19945 0.19945 0.19945 0.19945
14.088 0.807 -0.2 1.3348 0.199758 0.199758 0.199758 0.199758 0.199758 0.199758
14.174 0.807 -0.2 1.3004 0.199864 0.199864 0.199864 0.199864 0.199864 0.199864
14.189 0.807 -0.2 1.2944 0.199731 0.199731 0.199731 0.199731 0.199731 0.199731
14.205 0.807 -0.2 1.288 0.19954 0.19954 0.19954 0.19954 0.19954 0.19954
14.213 0.807 -0.2 1.2848 0.199425 0.199425 0.199425 0.199425 0.199425 0.199425
14.226 0.807 -0.2 1.2796 0.199211 0.199211 0.199211 0.199211 0.199211 0.199211
14.245 0.807 -0.2 1.272 0.198838 0.198838 0.198838 0.198838 0.198838 0.198838
14.263 0.807 -0.2 1.2648 0.198419 0.198419 0.198419 0.198419 0.198419 0.198419
14.352 0.807 -0.2 1.2292 0.195402 0.195402 0.195402 0.195402 0.195402 0.195402
14.367 0.807 -0.2 1.2232 0.194741 0.194741 0.194741 0.194741 0.194741 0.194741
14.381 0.807 -0.2 1.2176 0.194084 0.194084 0.194084 0.194084 0.194084 0.194084
14.399 0.807 -0.2 1.2104 0.193183 0.193183 0.193183 0.193183 0.193183 0.193183
14.416 0.807 -0.2 1.2036 0.192275 0.192275 0.192275 0.192275 0.192275 0.192275
14.429 0.807 -0.2 1.1984 0.191544 0.191544 0.191544 0.191544 0.191544 0.191544
14.456 0.807 -0.2 1.1876 0.18992 0.18992 0.18992 0.18992 0.18992 0.18992
14.554 0.807 -0.2 1.1484 0.182875 0.182875 0.182875 0.182875 0.182875 0.182875
14.577 0.807 -0.2 1.1392 0.180965 0.180965 0.180965 0.180965 0.180965 0.180965
14.597 0.807 -0.2 1.1312 0.179225 0.179225 0.179225 0.179225 0.179225 0.179225
14.605 0.807 -0.2 1.128 0.17851 0.17851 0.17851 0.17851 0.17851 0.17851
14.632 0.807 -0.2 1.1172 0.17601 0.17601 0.17601 0.17601 0.17601 0.17601
14.65 0.807 -0.2 1.11 0.174272 0.174272 0.174272 0.174272 0.174272 0.174272
14.745 0.807 -0.2 1.072 0.164177 0.164177 0.164177 0.164177 0.164177 0.164177
14.761 0.807 -0.2 1.0656 0.162329 0.162329 0.162329 0.162329 0.162329 0.162329
14.777 0.807 -0.2 1.0592 0.160439 0.160439 0.160439 0.160439 0.160439 0.160439
14.791 0.807 -0.2 1.0536 0.158752 0.158752 0.158752 0.158752 0.158752 0.158752
14.807 0.807 -0.2 1.0472 0.156785 0.156785 0.156785 0.156785 0.156785 0.156785
14.813 0.807 -0.2 1.0448 0.156037 0.156037 0.156037 0.156037 0.156037 0.156037
14.829 0.807 -0.2 1.0384 0.154016 0.154016 0.154016 0.154016 0.154016 0.154016
14.928 0.807 -0.2 0.9988 0.140651 0.140651 0.140651 0.140651 0.140651 0.140651
14.95 0.807 -0.2 0.99 0.137489 0.137489 0.137489 0.137489 0.137489 0.137489
14.97 0.807 -0.2 0.982 0.134556 0.134556 0.134556 0.134556 0.134556 0.134556
14.99 0.807 -0.2 0.974 0.13157 0.13157 0.13157 0.13157 0.13157 0.13157
15.006 0.8094 -0.2 0.97 0.129144 0.129144 0.129144 0.129144 0.129144 0.129144
15.029 0.8186 -0.2 0.97 0.125597 0.125597 0.125597 0.125597 0.125597 0.125597
15.142 0.8638 -0.2 0.97 0.107246 0.107246 0.107246 0.107246 0.107246 0.107246
15.164 0.8726 -0.2 0.97 0.103506 0.103506 0.103506 0.103506 0.103506 0.103506
15.19 0.883 -0.2 0.97 0.0990223 0.0990223 0.0990223 0.0990223 0.0990223 0.0990223
15.206 0.8894 -0.2 0.97 0.0962295 0.0962295 0.0962295 0.0962295 0.0962295 0.0962295
15.221 0.8954 -0.2 0.97 0.0935889 0.0935889 0.0935889 0.0935889 0.0935889 0.0935889
15.324 0.9366 -0.2 0.97 0.0749196 0.0749196 0.0749196 0.0749196 0.0749196 0.0749196
15.336 0.9414 -0.2 0.97 0.072689 0.072689 0.072689 0.072689 0.072689 0.072689
15.36 0.951 -0.2 0.97 0.0681968 0.0681968 0.0681968 0.0681968 0.0681968 0.0681968
15.375 0.957 -0.2 0.97 0.065369 0.065369 0.065369 0.065369 0.065369 0.065369
15.395 0.965 -0.2 0.97 0.0615759 0.0615759 0.0615759 0.0615759 0.0615759 0.0615759
15.41 0.971 -0.2 0.97 0.0587148 0.0587148 0.0587148 0.0587148 0.0587148 0.0587148
15.43 0.979 -0.2 0.97 0.0548795 0.0548795 0.0548795 0.0548795 0.0548795 0.0548795
15.514 1.0126 -0.2 0.97 0.0385499 0.0385499 0.0385499 0.0385499 0.0385499 0.0385499
15.536 1.0214 -0.2 0.97 0.0342234 0.0342234 0.0342234 0.0342234 0.0342234 0.0342234
15.55 1.027 -0.2 0.97 0.0314614 0.0314614 0.0314614 0.0314614 0.0314614 0.0314614
15.561 1.0314 -0.2 0.97 0.029287 0.029287 0.029287 0.029287 0.029287 0.029287
15.578 1.0382 -0.2 0.97 0.0259195 0.0259195 0.0259195 0.0259195 0.0259195 0.0259195
15.596 1.0454 -0.2 0.97 0.0223459 0.0223459 0.0223459 0.0223459 0.0223459 0.0223459
15.612 1.0518 -0.2 0.97 0.0191632 0.0191632 0.0191632 0.0191632 0.0191632 0.0191632
15.715 1.093 -0.2 0.97 -0.00140733 -0.00140733 -0.00140733 -0.00140733 -0.00140733 -0.00140733
15.734 1.1006 -0.2 0.97 -0.00520676 -0.00520676 -0.00520676 -0.00520676 -0.00520676 -0.00520676
15.745 1.105 -0.2 0.97 -0.00740565 -0.00740565 -0.00740565 -0.00740565 -0.00740565 -0.00740565
15.764 1.1126 -0.2 0.97 -0.0112015 -0.0112015 -0.0112015 -0.0112015 -0.0112015 -0.0112015
15.781 1.1194 -0.2 0.97 -0.0145944 -0.0145944 -0.0145944 -0.0145944 -0.0145944 -0.0145944
15.795 1.125 -0.2 0.97 -0.0173854 -0.0173854 -0.0173854 -0.0173854 -0.0173854 -0.0173854
15.813 1.1322 -0.2 0.97 -0.0209687 -0.0209687 -0.0209687 -0.0209687 -0.0209687 -0.0209687
15.893 1.1642 -0.2 0.97 -0.0367965 -0.0367965 -0.0367965 -0.0367965 -0.0367965 -0.0367965
15.91 1.171 -0.2 0.97 -0.040133 -0.040133 -0.040133 -0.040133 -0.040133 -0.040133
15.932 1.1798 -0.2 0.97 -0.0444335 -0.0444335 -0.0444335 -0.0444335 -0.0444335 -0.0444335
15.943 1.1842 -0.2 0.97 -0.0465757 -0.0465757 -0.0465757 -0.0465757 -0.0465757 -0.0465757
15.959 1.1906 -0.2 0.97 -0.0496817 -0.0496817 -0.0496817 -0.0496817 -0.0496817 -0.0496817
15.974 1.1966 -0.2 0.97 -0.0525819 -0.0525819 -0.0525819 -0.0525819 -0.0525819 -0.0525819
15.989 1.2026 -0.2 0.97 -0.0554704 -0.0554704 -0.0554704 -0.0554704 -0.0554704 -0.0554704
16.075 1.237 -0.2 0.97 -0.0717702 -0.0717702 -0.0717702 -0.0717702 -0.0717702 -0.0717702
16.095 1.245 -0.2 0.97 -0.0754892 -0.0754892 -0.0754892 -0.0754892 -0.0754892 -0.0754892
16.111 1.2514 -0.2 0.97 -0.0784427 -0.0784427 -0.0784427 -0.0784427 -0.0784427 -0.0784427
16.132 1.2598 -0.2 0.97 -0.0822886 -0.0822886 -0.0822886 -0.0822886 -0.0822886 -0.0822886
16.146 1.2654 -0.2 0.97 -0.0848325 -0.0848325 -0.0848325 -0.0848325 -0.0848325 -0.0848325
16.161 1.2714 -0.2 0.97 -0.0875396 -0.0875396 -0.0875396 -0.0875396 -0.0875396 -0.0875396
16.184 1.2806 -0.2 0.97 -0.091652 -0.091652 -0.091652 -0.091652 -0.091652 -0.091652
16.281 1.3194 -0.2 0.97 -0.108437 -0.108437 -0.108437 -0.108437 -0.108437 -0.108437
16.3 1.327 -0.2 0.97 -0.11161 -0.11161 -0.11161 -0.11161 -0.11161 -0.11161
16.31 1.331 -0.2 0.97 -0.113264 -0.113264 -0.113264 -0.113264 -0.113264 -0.113264
16.328 1.3382 -0.2 0.97 -0.116213 -0.116213 -0.116213 -0.116213 -0.116213 -0.116213
16.342 1.3438 -0.2 0.97 -0.11848 -0.11848 -0.11848 -0.11848 -0.11848 -0.11848
16.357 1.3498 -0.2 0.97 -0.120884 -0.120884 -0.120884 -0.120884 -0.120884 -0.120884
16.374 1.3566 -0.2 0.97 -0.123575 -0.123575 -0.123575 -0.123575 -0.123575 -0.123575
16.392 1.3638 -0.2 0.97 -0.126385 -0.126385 -0.126385 -0.126385 -0.126385 -0.126385
16.483 1.4002 -0.2 0.97 -0.139948 -0.139948 -0.139948 -0.139948 -0.139948 -0.139948
16.501 1.4074 -0.2 0.97 -0.142497 -0.142497 -0.142497 -0.142497 -0.142497 -0.142497
16.523 1.4162 -0.2 0.97 -0.14555 -0.14555 -0.14555 -0.14555 -0.14555 -0.14555
16.537 1.4218 -0.2 0.97 -0.147456 -0.147456 -0.147456 -0.147456 -0.147456 -0.147456
16.555 1.429 -0.2 0.97 -0.149864 -0.149864 -0.149864 -0.149864 -0.149864 -0.149864
16.572 1.4358 -0.2 0.97 -0.152094 -0.152094 -0.152094 -0.152094 -0.152094 -0.152094
16.588 1.4422 -0.2 0.97 -0.154152 -0.154152 -0.154152 -0.154152 -0.154152 -0.154152
16.664 1.4726 -0.2 0.97 -0.163382 -0.163382 -0.163382 -0.163382 -0.163382 -0.163382
16.676 1.4774 -0.2 0.97 -0.164755 -0.164755 -0.164755 -0.164755 -0.164755 -0.164755
16.697 1.4858 -0.2 0.97 -0.167099 -0.167099 -0.167099 -0.167099 -0.167099 -0.167099
16.71 1.491 -0.2 0.97 -0.168514 -0.168514 -0.168514 -0.168514 -0.168514 -0.168514
16.729 1.4986 -0.2 0.97 -0.17053 -0.17053 -0.17053 -0.17053 -0.17053 -0.17053
16.744 1.5046 -0.2 0.97 -0.172078 -0.172078 -0.172078 -0.172078 -0.172078 -0.172078
16.761 1.5114 -0.2 0.97 -0.173786 -0.173786 -0.173786 -0.173786 -0.173786 -0.173786
16.839 1.5426 -0.2 0.97 -0.180971 -0.180971 -0.180971 -0.180971 -0.180971 -0.180971
16.866 1.5534 -0.2 0.97 -0.183203 -0.183203 -0.183203 -0.183203 -0.183203 -0.183203
16.877 1.5578 -0.2 0.97 -0.184075 -0.184075 -0.184075 -0.184075 -0.184075 -0.184075
16.891 1.5634 -0.2 0.97 -0.185152 -0.185152 -0.185152 -0.185152 -0.185152 -0.185152
16.915 1.573 -0.2 0.97 -0.186913 -0.186913 -0.186913 -0.186913 -0.186913 -0.186913
16.929 1.5786 -0.2 0.97 -0.187891 -0.187891 -0.187891 -0.187891 -0.187891 -0.187891
16.946 1.5854 -0.2 0.97 -0.189029 -0.189029 -0.189029 -0.189029 -0.189029 -0.189029
17.051 1.6274 -0.2 0.97 -0.194835 -0.194835 -0.194835 -0.194835 -0.194835 -0.194835
17.073 1.6362 -0.2 0.97 -0.195781 -0.195781 -0.195781 -0.195781 -0.195781 -0.195781
17.086 1.6414 -0.2 0.97 -0.196296 -0.196296 -0.196296 -0.196296 -0.196296 -0.196296
17.099 1.6466 -0.2 0.97 -0.196777 -0.196777 -0.196777 -0.196777 -0.196777 -0.196777
17.116 1.6534 -0.2 0.97 -0.197357 -0.197357 -0.197357 -0.197357 -0.197357 -0.197357
17.135 1.661 -0.2 0.97 -0.197937 -0.197937 -0.197937 -0.197937 -0.197937 -0.197937
17.168 1.6742 -0.2 0.97 -0.198774 -0.198774 -0.198774 -0.198774 -0.198774 -0.198774
17.26 1.711 -0.2 0.97 -0.199965 -0.199965 -0.199965 -0.199965 -0.199965 -0.199965
17.283 1.7202 -0.2 0.97 -0.199998 -0.199998 -0.199998 -0.199998 -0.199998 -0.199998
17.301 1.7274 -0.2 0.97 -0.199951 -0.199951 -0.199951 -0.199951 -0.199951 -0.199951
17.316 1.7334 -0.2 0.97 -0.199861 -0.199861 -0.199861 -0.199861 -0.199861 -0.199861
17.336 1.7414 -0.2 0.97 -0.199672 -0.199672 -0.199672 -0.199672 -0.199672 -0.199672
17.357 1.7498 -0.2 0.97 -0.199388 -0.199388 -0.199388 -0.199388 -0.199388 -0.199388
17.368 1.7542 -0.2 0.97 -0.199204 -0.199204 -0.199204 -0.199204 -0.199204 -0.199204
17.455 1.789 -0.2 0.97 -0.196902 -0.196902 -0.196902 -0.196902 -0.196902 -0.196902
17.47 1.795 -0.2 0.97 -0.196354 -0.196354 -0.196354 -0.196354 -0.196354 -0.196354
17.484 1.8006 -0.2 0.97 -0.195802 -0.195802 -0.195802 -0.195802 -0.195802 -0.195802
17.506 1.807 -0.2 0.9724 -0.194858 -0.194858 -0.194858 -0.194858 -0.194858 -0.194858
17.528 1.807 -0.2 0.9812 -0.19382 -0.19382 -0.19382 -0.19382 -0.19382 -0.19382
17.544 1.807 -0.2 0.9876 -0.193006 -0.193006 -0.193006 -0.193006 -0.193006 -0.193006
17.564 1.807 -0.2 0.9956 -0.191919 -0.191919 -0.191919 -0.191919 -0.191919 -0.191919
17.647 1.807 -0.2 1.0288 -0.186592 -0.186592 -0.186592 -0.186592 -0.186592 -0.186592
17.665 1.807 -0.2 1.036 -0.185266 -0.185266 -0.185266 -0.185266 -0.185266 -0.185266
17.684 1.807 -0.2 1.0436 -0.183802 -0.183802 -0.183802 -0.183802 -0.183802 -0.183802
17.695 1.807 -0.2 1.048 -0.182923 -0.182923 -0.182923 -0.182923 -0.182923 -0.182923
17.712 1.807 -0.2 1.0548 -0.181522 -0.181522 -0.181522 -0.181522 -0.181522 -0.181522
17.728 1.807 -0.2 1.0612 -0.180155 -0.180155 -0.180155 -0.180155 -0.180155 -0.180155
17.751 1.807 -0.2 1.0704 -0.17811 -0.17811 -0.17811 -0.17811 -0.17811 -0.17811
17.845 1.807 -0.2 1.108 -0.168785 -0.168785 -0.168785 -0.168785 -0.168785 -0.168785
17.86 1.807 -0.2 1.114 -0.167156 -0.167156 -0.167156 -0.167156 -0.167156 -0.167156
17.88 1.807 -0.2 1.122 -0.164927 -0.164927 -0.164927 -0.164927 -0.164927 -0.164927
17.892 1.807 -0.2 1.1268 -0.163557 -0.163557 -0.163557 -0.163557 -0.163557 -0.163557
17.909 1.807 -0.2 1.1336 -0.161577 -0.161577 -0.161577 -0.161577 -0.161577 -0.161577
17.929 1.807 -0.2 1.1416 -0.159188 -0.159188 -0.159188 -0.159188 -0.159188 -0.159188
17.954 1.807 -0.2 1.1516 -0.156111 -0.156111 -0.156111 -0.156111 -0.156111 -0.156111
18.038 1.807 -0.2 1.1852 -0.145072 -0.145072 -0.145072 -0.145072 -0.145072 -0.145072
18.05 1.807 -0.2 1.19 -0.143409 -0.143409 -0.143409 -0.143409 -0.143409 -0.143409
18.071 1.807 -0.2 1.1984 -0.14045 -0.14045 -0.14045 -0.14045 -0.14045 -0.14045
18.091 1.807 -0.2 1.2064 -0.137575 -0.137575 -0.137575 -0.137575 -0.137575 -0.137575
18.112 1.807 -0.2 1.2148 -0.134496 -0.134496 -0.134496 -0.134496 -0.134496 -0.134496
18.128 1.807 -0.2 1.2212 -0.132111 -0.132111 -0.132111 -0.132111 -0.132111 -0.132111
18.146 1.807 -0.2 1.2284 -0.129387 -0.129387 -0.129387 -0.129387 -0.129387 -0.129387
18.223 1.807 -0.2 1.2592 -0.117272 -0.117272 -0.117272 -0.117272 -0.117272 -0.117272
18.231 1.807 -0.2 1.2624 -0.115972 -0.115972 -0.115972 -0.115972 -0.115972 -0.115972
18.252 1.807 -0.2 1.2708 -0.112525 -0.112525 -0.112525 -0.112525 -0.112525 -0.112525
18.272 1.807 -0.2 1.2788 -0.109196 -0.109196 -0.109196 -0.109196 -0.109196 -0.109196
18.29 1.807 -0.2 1.286 -0.106162 -0.106162 -0.106162 -0.106162 -0.106162 -0.106162
18.299 1.807 -0.2 1.2896 -0.104632 -0.104632 -0.104632 -0.104632 -0.104632 -0.104632
18.308 1.807 -0.2 1.2932 -0.103094 -0.103094 -0.103094 -0.103094 -0.103094 -0.103094
18.321 1.807 -0.2 1.2984 -0.100857 -0.100857 -0.100857 -0.100857 -0.100857 -0.100857
18.413 1.807 -0.2 1.3352 -0.0845642 -0.0845642 -0.0845642 -0.0845642 -0.0845642 -0.0845642
18.43 1.807 -0.2 1.342 -0.081471 -0.081471 -0.081471 -0.081471 -0.081471 -0.081471
18.449 1.807 -0.2 1.3496 -0.0779861 -0.0779861 -0.0779861 -0.0779861 -0.0779861 -0.0779861
18.467 1.807 -0.2 1.3568 -0.0746586 -0.0746586 -0.0746586 -0.0746586 -0.0746586 -0.0746586
18.48 1.807 -0.2 1.362 -0.0722403 -0.0722403 -0.0722403 -0.0722403 -0.0722403 -0.0722403
18.493 1.807 -0.2 1.3672 -0.0698098 -0.0698098 -0.0698098 -0.0698098 -0.0698098 -0.0698098
18.522 1.807 -0.2 1.3788 -0.064346 -0.064346 -0.064346 -0.064346 -0.064346 -0.064346
18.613 1.807 -0.2 1.4152 -0.0468712 -0.0468712 -0.0468712 -0.0468712 -0.0468712 -0.0468712
18.63 1.807 -0.2 1.422 -0.0435592 -0.0435592 -0.0435592 -0.0435592 -0.0435592 -0.0435592
18.646 1.807 -0.2 1.4284 -0.0404306 -0.0404306 -0.0404306 -0.0404306 -0.0404306 -0.0404306
18.66 1.807 -0.2 1.434 -0.0376846 -0.0376846 -0.0376846 -0.0376846 -0.0376846 -0.0376846
18.675 1.807 -0.2 1.44 -0.0347342 -0.0347342 -0.0347342 -0.0347342 -0.0347342 -0.0347342
18.69 1.807 -0.2 1.446 -0.031776 -0.031776 -0.031776 -0.031776 -0.031776 -0.031776
18.716 1.807 -0.2 1.4564 -0.0266318 -0.0266318 -0.0266318 -0.0266318 -0.0266318 -0.0266318
18.8 1.807 -0.2 1.49 -0.00990713 -0.00990713 -0.00990713 -0.00990713 -0.00990713 -0.00990713
18.824 1.807 -0.2 1.4996 -0.00511063 -0.00511063 -0.00511063 -0.00511063 -0.00511063 -0.00511063
18.841 1.807 -0.2 1.5064 -0.00171116 -0.00171116 -0.00171116 -0.00171116 -0.00171116 -0.00171116
18.857 1.807 -0.2 1.5128 0.0014888 0.0014888 0.0014888 0.0014888 0.0014888 0.0014888
18.873 1.807 -0.2 1.5192 0.00468839 0.00468839 0.00468839 0.00468839 0.00468839 0.00468839
18.883 1.807 -0.2 1.5232 0.00668757 0.00668757 0.00668757 0.00668757 0.00668757 0.00668757
18.902 1.807 -0.2 1.5308 0.010484 0.010484 0.010484 0.010484 0.010484 0.010484
18.992 1.807 -0.2 1.5668 0.0283926 0.0283926 0.0283926 0.0283926 0.0283926 0.0283926
19.017 1.807 -0.2 1.5768 0.0333325 0.0333325 0.0333325 0.0333325 0.0333325 0.0333325
19.031 1.807 -0.2 1.5824 0.03609 0.03609 0.03609 0.03609 0.03609 0.03609
19.043 1.807 -0.2 1.5872 0.038448 0.038448 0.038448 0.038448 0.038448 0.038448
19.059 1.807 -0.2 1.5936 0.0415832 0.0415832 0.0415832 0.0415832 0.0415832 0.0415832
19.071 1.807 -0.2 1.5984 0.0439277 0.0439277 0.0439277 0.0439277 0.0439277 0.0439277
19.08 1.807 -0.2 1.602 0.045682 0.045682 0.045682 0.045682 0.045682 0.045682
19.096 1.807 -0.2 1.6084 0.0487914 0.0487914 0.0487914 0.0487914 0.0487914 0.0487914
19.172 1.807 -0.2 1.6388 0.0633771 0.0633771 0.0633771 0.0633771 0.0633771 0.0633771
19.193 1.807 -0.2 1.6472 0.0673464 0.0673464 0.0673464 0.0673464 0.0673464 0.0673464
19.211 1.807 -0.2 1.6544 0.0707251 0.0707251 0.0707251 0.0707251 0.0707251 0.0707251
19.227 1.807 -0.2 1.6608 0.0737091 0.0737091 0.0737091 0.0737091 0.0737091 0.0737091
19.246 1.807 -0.2 1.6684 0.0772281 0.0772281 0.0772281 0.0772281 0.0772281 0.0772281
19.264 1.807 -0.2 1.6756 0.0805362 0.0805362 0.0805362 0.0805362 0.0805362 0.0805362
19.282 1.807 -0.2 1.6828 0.0838182 0.0838182 0.0838182 0.0838182 0.0838182 0.0838182
19.357 1.807 -0.2 1.7128 0.097189 0.097189 0.097189 0.097189 0.097189 0.097189
19.375 1.807 -0.2 1.72 0.100319 0.100319 0.100319 0.100319 0.100319 0.100319
19.391 1.807 -0.2 1.7264 0.103075 0.103075 0.103075 0.103075 0.103075 0.103075
19.407 1.807 -0.2 1.7328 0.105804 0.105804 0.105804 0.105804 0.105804 0.105804
19.429 1.807 -0.2 1.7416 0.109512 0.109512 0.109512 0.109512 0.109512 0.109512
19.449 1.807 -0.2 1.7496 0.112837 0.112837 0.112837 0.112837 0.112837 0.112837
19.465 1.807 -0.2 1.756 0.115464 0.115464 0.115464 0.115464 0.115464 0.115464
19.547 1.807 -0.2 1.7888 0.128452 0.128452 0.128452 0.128452 0.128452 0.128452
19.561 1.807 -0.2 1.7944 0.130586 0.130586 0.130586 0.130586 0.130586 0.130586
19.582 1.807 -0.2 1.8028 0.133738 0.133738 0.133738 0.133738 0.133738 0.133738
19.6 1.807 -0.2 1.81 0.136393 0.136393 0.136393 0.136393 0.136393 0.136393
19.62 1.807 -0.2 1.818 0.139291 0.139291 0.139291 0.139291 0.139291 0.139291
19.635 1.807 -0.2 1.824 0.141428 0.141428 0.141428 0.141428 0.141428 0.141428
19.655 1.807 -0.2 1.832 0.144228 0.144228 0.144228 0.144228 0.144228 0.144228
19.758 1.807 -0.2 1.8732 0.15771 0.15771 0.15771 0.15771 0.15771 0.15771
19.773 1.807 -0.2 1.8792 0.159537 0.159537 0.159537 0.159537 0.159537 0.159537
19.784 1.807 -0.2 1.8836 0.160854 0.160854 0.160854 0.160854 0.160854 0.160854
19.796 1.807 -0.2 1.8884 0.162268 0.162268 0.162268 0.162268 0.162268 0.162268
19.809 1.807 -0.2 1.8936 0.163775 0.163775 0.163775 0.163775 0.163775 0.163775
19.822 1.807 -0.2 1.8988 0.165253 0.165253 0.165253 0.165253 0.165253 0.165253
19.838 1.807 -0.2 1.9052 0.167034 0.167034 0.167034 0.167034 0.167034 0.167034
19.851 1.807 -0.2 1.9104 0.16845 0.16845 0.16845 0.16845 0.16845 0.16845
19.944 1.807 -0.2 1.9476 0.177735 0.177735 0.177735 0.177735 0.177735 0.177735
19.957 1.807 -0.2 1.9528 0.178912 0.178912 0.178912 0.178912 0.178912 0.178912
19.976 1.807 -0.2 1.9604 0.180578 0.180578 0.180578 0.180578 0.180578 0.180578
19.988 1.807 -0.2 1.9652 0.181597 0.181597 0.181597 0.181597 0.181597 0.181597
20.003 1.8058 -0.2 1.97 0.182833 0.182833 0.182833 0.182833 0.182833 0.182833
20.017 1.8002 -0.2 1.97 0.18395 0.18395 0.18395 0.18395 0.18395 0.18395
20.034 1.7934 -0.2 1.97 0.185258 0.185258 0.185258 0.185258 0.185258 0.185258
20.12 1.759 -0.2 1.97 0.191046 0.191046 0.191046 0.191046 0.191046 0.191046
20.138 1.7518 -0.2 1.97 0.192081 0.192081 0.192081 0.192081 0.192081 0.192081
20.155 1.745 -0.2 1.97 0.193 0.193 0.193 0.193 0.193 0.193
20.164 1.7414 -0.2 1.97 0.193464 0.193464 0.193464 0.193464 0.193464 0.193464
20.18 1.735 -0.2 1.97 0.194251 0.194251 0.194251 0.194251 0.194251 0.194251
20.193 1.7298 -0.2 1.97 0.194853 0.194853 0.194853 0.194853 0.194853 0.194853
20.214 1.7214 -0.2 1.97 0.195757 0.195757 0.195757 0.195757 0.195757 0.195757
20.232 1.7142 -0.2 1.97 0.196463 0.196463 0.196463 0.196463 0.196463 0.196463
20.322 1.6782 -0.2 1.97 0.199033 0.199033 0.199033 0.199033 0.199033 0.199033
20.336 1.6726 -0.2 1.97 0.199289 0.199289 0.199289 0.199289 0.199289 0.199289
20.355 1.665 -0.2 1.97 0.199573 0.199573 0.199573 0.199573 0.199573 0.199573
20.363 1.6618 -0.2 1.97 0.199671 0.199671 0.199671 0.199671 0.199671 0.199671
20.385 1.653 -0.2 1.97 0.199875 0.199875 0.199875 0.199875 0.199875 0.199875
20.396 1.6486 -0.2 1.97 0.199941 0.199941 0.199941 0.199941 0.199941 0.199941
20.413 1.6418 -0.2 1.97 0.199995 0.199995 0.199995 0.199995 0.199995 0.199995
20.431 1.6346 -0.2 1.97 0.199989 0.199989 0.199989 0.199989 0.199989 0.199989
20.536 1.5926 -0.2 1.97 0.198664 0.198664 0.198664 0.198664 0.198664 0.198664
20.559 1.5834 -0.2 1.97 0.198081 0.198081 0.198081 0.198081 0.198081 0.198081
20.577 1.5762 -0.2 1.97 0.197551 0.197551 0.197551 0.197551 0.197551 0.197551
20.595 1.569 -0.2 1.97 0.196958 0.196958 0.196958 0.196958 0.196958 0.196958
20.611 1.5626 -0.2 1.97 0.196376 0.196376 0.196376 0.196376 0.196376 0.196376
20.636 1.5526 -0.2 1.97 0.195368 0.195368 0.195368 0.195368 0.195368 0.195368
20.74 1.511 -0.2 1.97 0.189869 0.189869 0.189869 0.189869 0.189869 0.189869
20.758 1.5038 -0.2 1.97 0.188707 0.188707 0.188707 0.188707 0.188707 0.188707
20.769 1.4994 -0.2 1.97 0.187967 0.187967 0.187967 0.187967 0.187967 0.187967
20.785 1.493 -0.2 1.97 0.18685 0.18685 0.18685 0.18685 0.18685 0.18685
20.798 1.4878 -0.2 1.97 0.185907 0.185907 0.185907 0.185907 0.185907 0.185907
20.814 1.4814 -0.2 1.97 0.184703 0.184703 0.184703 0.184703 0.184703 0.184703
20.83 1.475 -0.2 1.97 0.183452 0.183452 0.183452 0.183452 0.183452 0.183452
20.847 1.4682 -0.2 1.97 0.182072 0.182072 0.182072 0.182072 0.182072 0.182072
20.946 1.4286 -0.2 1.97 0.173 0.173 0.173 0.173 0.173 0.173
20.962 1.4222 -0.2 1.97 0.171372 0.171372 0.171372 0.171372 0.171372 0.171372
20.977 1.4162 -0.2 1.97 0.169806 0.169806 0.169806 0.169806 0.169806 0.169806
20.99 1.411 -0.2 1.97 0.168418 0.168418 0.168418 0.168418 0.168418 0.168418
21.012 1.4022 -0.2 1.97 0.166005 0.166005 0.166005 0.166005 0.166005 0.166005
21.033 1.3938 -0.2 1.97 0.163626 0.163626 0.163626 0.163626 0.163626 0.163626
21.063 1.3818 -0.2 1.97 0.160102 0.160102 0.160102 0.160102 0.160102 0.160102
21.161 1.3426 -0.2 1.97 0.147606 0.147606 0.147606 0.147606 0.147606 0.147606
21.183 1.3338 -0.2 1.97 0.144602 0.144602 0.144602 0.144602 0.144602 0.144602
21.203 1.3258 -0.2 1.97 0.14181 0.14181 0.14181 0.14181 0.14181 0.14181
21.218 1.3198 -0.2 1.97 0.139678 0.139678 0.139678 0.139678 0.139678 0.139678
21.234 1.3134 -0.2 1.97 0.13737 0.13737 0.13737 0.13737 0.13737 0.13737
21.254 1.3054 -0.2 1.97 0.134436 0.134436 0.134436 0.134436 0.134436 0.134436
21.35 1.267 -0.2 1.97 0.119623 0.119623 0.119623 0.119623 0.119623 0.119623
21.366 1.2606 -0.2 1.97 0.117044 0.117044 0.117044 0.117044 0.117044 0.117044
21.385 1.253 -0.2 1.97 0.113941 0.113941 0.113941 0.113941 0.113941 0.113941
21.403 1.2458 -0.2 1.97 0.110964 0.110964 0.110964 0.110964 0.110964 0.110964
21.426 1.2366 -0.2 1.97 0.107108 0.107108 0.107108 0.107108 0.107108 0.107108
21.452 1.2262 -0.2 1.97 0.102681 0.102681 0.102681 0.102681 0.102681 0.102681
21.551 1.1866 -0.2 1.97 0.0852148 0.0852148 0.0852148 0.0852148 0.0852148 0.0852148
21.57 1.179 -0.2 1.97 0.0817618 0.0817618 0.0817618 0.0817618 0.0817618 0.0817618
21.591 1.1706 -0.2 1.97 0.077911 0.077911 0.077911 0.077911 0.077911 0.077911
21.608 1.1638 -0.2 1.97 0.0747685 0.0747685 0.0747685 0.0747685 0.0747685 0.0747685
21.63 1.155 -0.2 1.97 0.0706698 0.0706698 0.0706698 0.0706698 0.0706698 0.0706698
21.658 1.1438 -0.2 1.97 0.065404 0.065404 0.065404 0.065404 0.065404 0.065404
21.757 1.1042 -0.2 1.97 0.046403 0.046403 0.046403 0.046403 0.046403 0.046403
21.772 1.0982 -0.2 1.97 0.0434797 0.0434797 0.0434797 0.0434797 0.0434797 0.0434797
21.794 1.0894 -0.2 1.97 0.0391748 0.0391748 0.0391748 0.0391748 0.0391748 0.0391748
21.811 1.0826 -0.2 1.97 0.0358351 0.0358351 0.0358351 0.0358351 0.0358351 0.0358351
21.827 1.0762 -0.2 1.97 0.0326825 0.0326825 0.0326825 0.0326825 0.0326825 0.0326825
21.842 1.0702 -0.2 1.97 0.0297192 0.0297192 0.0297192 0.0297192 0.0297192 0.0297192
21.858 1.0638 -0.2 1.97 0.0265511 0.0265511 0.0265511 0.0265511 0.0265511 0.0265511
21.948 1.0278 -0.2 1.97 0.00862704 0.00862704 0.00862704 0.00862704 0.00862704 0.00862704
21.963 1.0218 -0.2 1.97 0.00562897 0.00562897 0.00562897 0.00562897 0.00562897 0.00562897
21.981 1.0146 -0.2 1.97 0.00202968 0.00202968 0.00202968 0.00202968 0.00202968 0.00202968
22 1.007 -0.2 1.97 -0.00177026 -0.00177026 -0.00177026 -0.00177026 -0.00177026 -0.00177026
22.017 1.0002 -0.2 1.97 -0.00516971 -0.00516971 -0.00516971 -0.00516971 -0.00516971 -0.00516971
22.031 0.9946 -0.2 1.97 -0.00796818 -0.00796818 -0.00796818 -0.00796818 -0.00796818 -0.00796818
22.049 0.9874 -0.2 1.97 -0.0115638 -0.0115638 -0.0115638 -0.0115638 -0.0115638 -0.0115638
22.138 0.9518 -0.2 1.97 -0.0292648 -0.0292648 -0.0292648 -0.0292648 -0.0292648 -0.0292648
22.157 0.9442 -0.2 1.97 -0.0330184 -0.0330184 -0.0330184 -0.0330184 -0.0330184 -0.0330184
22.174 0.9374 -0.2 1.97 -0.0363668 -0.0363668 -0.0363668 -0.0363668 -0.0363668 -0.0363668
22.193 0.9298 -0.2 1.97 -0.0400967 -0.0400967 -0.0400967 -0.0400967 -0.0400967 -0.0400967
22.207 0.9242 -0.2 1.97 -0.0428358 -0.0428358 -0.0428358 -0.0428358 -0.0428358 -0.0428358
22.223 0.9178 -0.2 1.97 -0.045956 -0.045956 -0.045956 -0.045956 -0.045956 -0.045956
22.242 0.9102 -0.2 1.97 -0.0496458 -0.0496458 -0.0496458 -0.0496458 -0.0496458 -0.0496458
22.341 0.8706 -0.2 1.97 -0.0685516 -0.0685516 -0.0685516 -0.0685516 -0.0685516 -0.0685516
22.354 0.8654 -0.2 1.97 -0.0709883 -0.0709883 -0.0709883 -0.0709883 -0.0709883 -0.0709883
22.373 0.8578 -0.2 1.97 -0.0745278 -0.0745278 -0.0745278 -0.0745278 -0.0745278 -0.0745278
22.397 0.8482 -0.2 1.97 -0.0789602 -0.0789602 -0.0789602 -0.0789602 -0.0789602 -0.0789602
22.413 0.8418 -0.2 1.97 -0.0818901 -0.0818901 -0.0818901 -0.0818901 -0.0818901 -0.0818901
22.433 0.8338 -0.2 1.97 -0.0855228 -0.0855228 -0.0855228 -0.0855228 -0.0855228 -0.0855228
22.452 0.8262 -0.2 1.97 -0.0889422 -0.0889422 -0.0889422 -0.0889422 -0.0889422 -0.0889422
22.551 0.807 -0.2 1.9496 -0.106212 -0.106212 -0.106212 -0.106212 -0.106212 -0.106212
22.565 0.807 -0.2 1.944 -0.108574 -0.108574 -0.108574 -0.108574 -0.108574 -0.108574
22.584 0.807 -0.2 1.9364 -0.111746 -0.111746 -0.111746 -0.111746 -0.111746 -0.111746
22.601 0.807 -0.2 1.9296 -0.114549 -0.114549 -0.114549 -0.114549 -0.114549 -0.114549
22.624 0.807 -0.2 1.9204 -0.118289 -0.118289 -0.118289 -0.118289 -0.118289 -0.118289
22.641 0.807 -0.2 1.9136 -0.121014 -0.121014 -0.121014 -0.121014 -0.121014 -0.121014
22.665 0.807 -0.2 1.904 -0.1248 -0.1248 -0.1248 -0.1248 -0.1248 -0.1248
22.759 0.807 -0.2 1.8664 -0.138918 -0.138918 -0.138918 -0.138918 -0.138918 -0.138918
22.779 0.807 -0.2 1.8584 -0.141768 -0.141768 -0.141768 -0.141768 -0.141768 -0.141768
22.799 0.807 -0.2 1.8504 -0.144561 -0.144561 -0.144561 -0.144561 -0.144561 -0.144561
22.82 0.807 -0.2 1.842 -0.147431 -0.147431 -0.147431 -0.147431 -0.147431 -0.147431
22.838 0.807 -0.2 1.8348 -0.14984 -0.14984 -0.14984 -0.14984 -0.14984 -0.14984
22.852 0.807 -0.2 1.8292 -0.15168 -0.15168 -0.15168 -0.15168 -0.15168 -0.15168
22.954 0.807 -0.2 1.7884 -0.164165 -0.164165 -0.164165 -0.164165 -0.164165 -0.164165
22.972 0.807 -0.2 1.7812 -0.166194 -0.166194 -0.166194 -0.166194 -0.166194 -0.166194
22.995 0.807 -0.2 1.772 -0.168709 -0.168709 -0.168709 -0.168709 -0.168709 -0.168709
23.013 0.807 -0.2 1.7648 -0.170615 -0.170615 -0.170615 -0.170615 -0.170615 -0.170615
23.04 0.807 -0.2 1.754 -0.17337 -0.17337 -0.17337 -0.17337 -0.17337 -0.17337
23.062 0.807 -0.2 1.7452 -0.175522 -0.175522 -0.175522 -0.175522 -0.175522 -0.175522
23.159 0.807 -0.2 1.7064 -0.183982 -0.183982 -0.183982 -0.183982 -0.183982 -0.183982
23.179 0.807 -0.2 1.6984 -0.185514 -0.185514 -0.185514 -0.185514 -0.185514 -0.185514
23.196 0.807 -0.2 1.6916 -0.186757 -0.186757 -0.186757 -0.186757 -0.186757 -0.186757
23.212 0.807 -0.2 1.6852 -0.187878 -0.187878 -0.187878 -0.187878 -0.187878 -0.187878
23.239 0.807 -0.2 1.6744 -0.189661 -0.189661 -0.189661 -0.189661 -0.189661 -0.189661
23.257 0.807 -0.2 1.6672 -0.190773 -0.190773 -0.190773 -0.190773 -0.190773 -0.190773
23.343 0.807 -0.2 1.6328 -0.195225 -0.195225 -0.195225 -0.195225 -0.195225 -0.195225
23.359 0.807 -0.2 1.6264 -0.195895 -0.195895 -0.195895 -0.195895 -0.195895 -0.195895
23.381 0.807 -0.2 1.6176 -0.196735 -0.196735 -0.196735 -0.196735 -0.196735 -0.196735
23.398 0.807 -0.2 1.6108 -0.197318 -0.197318 -0.197318 -0.197318 -0.197318 -0.197318
23.415 0.807 -0.2 1.604 -0.197845 -0.197845 -0.197845 -0.197845 -0.197845 -0.197845
23.431 0.807 -0.2 1.5976 -0.198288 -0.198288 -0.198288 -0.198288 -0.198288 -0.198288
23.451 0.807 -0.2 1.5896 -0.19877 -0.19877 -0.19877 -0.19877 -0.19877 -0.19877
23.562 0.807 -0.2 1.5452 -0.2 -0.2 -0.2 -0.2 -0.2 -0.2
23.573 0.807 -0.2 1.5408 -0.199988 -0.199988 -0.199988 -0.199988 -0.199988 -0.199988
23.592 0.807 -0.2 1.5332 -0.19991 -0.19991 -0.19991 -0.19991 -0.19991 -0.19991
23.607 0.807 -0.2 1.5272 -0.199797 -0.199797 -0.199797 -0.199797 -0.199797 -0.199797
23.623 0.807 -0.2 1.5208 -0.199627 -0.199627 -0.199627 -0.199627 -0.199627 -0.199627
23.642 0.807 -0.2 1.5132 -0.199359 -0.199359 -0.199359 -0.199359 -0.199359 -0.199359
23.66 0.807 -0.2 1.506 -0.199039 -0.199039 -0.199039 -0.199039 -0.199039 -0.199039
23.777 0.807 -0.2 1.4592 -0.195393 -0.195393 -0.195393 -0.195393 -0.195393 -0.195393
23.794 0.807 -0.2 1.4524 -0.194639 -0.194639 -0.194639 -0.194639 -0.194639 -0.194639
23.813 0.807 -0.2 1.4448 -0.19373 -0.19373 -0.19373 -0.19373 -0.19373 -0.19373
23.83 0.807 -0.2 1.438 -0.192858 -0.192858 -0.192858 -0.192858 -0.192858 -0.192858
23.846 0.807 -0.2 1.4316 -0.191985 -0.191985 -0.191985 -0.191985 -0.191985 -0.191985
23.864 0.807 -0.2 1.4244 -0.190945 -0.190945 -0.190945 -0.190945 -0.190945 -0.190945
23.958 0.807 -0.2 1.3868 -0.184518 -0.184518 -0.184518 -0.184518 -0.184518 -0.184518
23.967 0.807 -0.2 1.3832 -0.183816 -0.183816 -0.183816 -0.183816 -0.183816 -0.183816
23.995 0.807 -0.2 1.372 -0.181538 -0.181538 -0.181538 -0.181538 -0.181538 -0.181538
24.012 0.807 -0.2 1.3652 -0.180085 -0.180085 -0.180085 -0.180085 -0.180085 -0.180085
24.027 0.807 -0.2 1.3592 -0.178759 -0.178759 -0.178759 -0.178759 -0.178759 -0.178759
24.051 0.807 -0.2 1.3496 -0.176555 -0.176555 -0.176555 -0.176555 -0.176555 -0.176555
24.075 0.807 -0.2 1.34 -0.17425 -0.17425 -0.17425 -0.17425 -0.17425 -0.17425
24.174 0.807 -0.2 1.3004 -0.163694 -0.163694 -0.163694 -0.163694 -0.163694 -0.163694
24.204 0.807 -0.2 1.2884 -0.160173 -0.160173 -0.160173 -0.160173 -0.160173 -0.160173
24.233 0.807 -0.2 1.2768 -0.156633 -0.156633 -0.156633 -0.156633 -0.156633 -0.156633
24.252 0.807 -0.2 1.2692 -0.154242 -0.154242 -0.154242 -0.154242 -0.154242 -0.154242
24.267 0.807 -0.2 1.2632 -0.152315 -0.152315 -0.152315 -0.152315 -0.152315 -0.152315
24.286 0.807 -0.2 1.2556 -0.149825 -0.149825 -0.149825 -0.149825 -0.149825 -0.149825
24.38 0.807 -0.2 1.218 -0.136728 -0.136728 -0.136728 -0.136728 -0.136728 -0.136728
24.398 0.807 -0.2 1.2108 -0.134079 -0.134079 -0.134079 -0.134079 -0.134079 -0.134079
24.421 0.807 -0.2 1.2016 -0.130631 -0.130631 -0.130631 -0.130631 -0.130631 -0.130631
24.44 0.807 -0.2 1.194 -0.12773 -0.12773 -0.12773 -0.12773 -0.12773 -0.12773
24.463 0.807 -0.2 1.1848 -0.124157 -0.124157 -0.124157 -0.124157 -0.124157 -0.124157
24.48 0.807 -0.2 1.178 -0.121473 -0.121473 -0.121473 -0.121473 -0.121473 -0.121473
24.573 0.807 -0.2 1.1408 -0.106193 -0.106193 -0.106193 -0.106193 -0.106193 -0.106193
24.594 0.807 -0.2 1.1324 -0.102611 -0.102611 -0.102611 -0.102611 -0.102611 -0.102611
24.605 0.807 -0.2 1.128 -0.100717 -0.100717 -0.100717 -0.100717 -0.100717 -0.100717
24.622 0.807 -0.2 1.1212 -0.0977648 -0.0977648 -0.0977648 -0.0977648 -0.0977648 -0.0977648
24.639 0.807 -0.2 1.1144 -0.0947847 -0.0947847 -0.0947847 -0.0947847 -0.0947847 -0.0947847
24.659 0.807 -0.2 1.1064 -0.0912437 -0.0912437 -0.0912437 -0.0912437 -0.0912437 -0.0912437
24.674 0.807 -0.2 1.1004 -0.088564 -0.088564 -0.088564 -0.088564 -0.088564 -0.088564
24.77 0.807 -0.2 1.062 -0.0709677 -0.0709677 -0.0709677 -0.0709677 -0.0709677 -0.0709677
24.789 0.807 -0.2 1.0544 -0.0674024 -0.0674024 -0.0674024 -0.0674024 -0.0674024 -0.0674024
24.815 0.807 -0.2 1.044 -0.0624843 -0.0624843 -0.0624843 -0.0624843 -0.0624843 -0.0624843
24.833 0.807 -0.2 1.0368 -0.0590546 -0.0590546 -0.0590546 -0.0590546 -0.0590546 -0.0590546
24.859 0.807 -0.2 1.0264 -0.054067 -0.054067 -0.054067 -0.054067 -0.054067 -0.054067
24.876 0.807 -0.2 1.0196 -0.050786 -0.050786 -0.050786 -0.050786 -0.050786 -0.050786
24.957 0.807 -0.2 0.9872 -0.0349676 -0.0349676 -0.0349676 -0.0349676 -0.0349676 -0.0349676
24.98 0.807 -0.2 0.978 -0.0304296 -0.0304296 -0.0304296 -0.0304296 -0.0304296 -0.0304296
24.997 0.807 -0.2 0.9712 -0.027065 -0.027065 -0.027065 -0.027065 -0.027065 -0.027065
25.01 0.811 -0.2 0.97 -0.0244867 -0.0244867 -0.0244867 -0.0244867 -0.0244867 -0.0244867
25.028 0.8182 -0.2 0.97 -0.02091 -0.02091 -0.02091 -0.02091 -0.02091 -0.02091
25.045 0.825 -0.2 0.97 -0.0175257 -0.0175257 -0.0175257 -0.0175257 -0.0175257 -0.0175257
25.069 0.8346 -0.2 0.97 -0.0127396 -0.0127396 -0.0127396 -0.0127396 -0.0127396 -0.0127396
25.161 0.8714 -0.2 0.97 0.005651 0.005651 0.005651 0.005651 0.005651 0.005651
25.191 0.8834 -0.2 0.97 0.0116452 0.0116452 0.0116452 0.0116452 0.0116452 0.0116452
25.21 0.891 -0.2 0.97 0.0154364 0.0154364 0.0154364 0.0154364 0.0154364 0.0154364
25.225 0.897 -0.2 0.97 0.0184256 0.0184256 0.0184256 0.0184256 0.0184256 0.0184256
25.24 0.903 -0.2 0.97 0.0214106 0.0214106 0.0214106 0.0214106 0.0214106 0.0214106
25.259 0.9106 -0.2 0.97 0.0251847 0.0251847 0.0251847 0.0251847 0.0251847 0.0251847
25.353 0.9482 -0.2 0.97 0.0436964 0.0436964 0.0436964 0.0436964 0.0436964 0.0436964
25.369 0.9546 -0.2 0.97 0.0468134 0.0468134 0.0468134 0.0468134 0.0468134 0.0468134
25.383 0.9602 -0.2 0.97 0.0495309 0.0495309 0.0495309 0.0495309 0.0495309 0.0495309
25.398 0.9662 -0.2 0.97 0.0524318 0.0524318 0.0524318 0.0524318 0.0524318 0.0524318
25.416 0.9734 -0.2 0.97 0.0558972 0.0558972 0.0558972 0.0558972 0.0558972 0.0558972
25.438 0.9822 -0.2 0.97 0.060108 0.060108 0.060108 0.060108 0.060108 0.060108
25.462 0.9918 -0.2 0.97 0.0646683 0.0646683 0.0646683 0.0646683 0.0646683 0.0646683
25.556 1.0294 -0.2 0.97 0.0821468 0.0821468 0.0821468 0.0821468 0.0821468 0.0821468
25.578 1.0382 -0.2 0.97 0.0861383 0.0861383 0.0861383 0.0861383 0.0861383 0.0861383
25.599 1.0466 -0.2 0.97 0.0899095 0.0899095 0.0899095 0.0899095 0.0899095 0.0899095
25.615 1.053 -0.2 0.97 0.0927563 0.0927563 0.0927563 0.0927563 0.0927563 0.0927563
25.636 1.0614 -0.2 0.97 0.0964566 0.0964566 0.0964566 0.0964566 0.0964566 0.0964566
25.653 1.0682 -0.2 0.97 0.0994209 0.0994209 0.0994209 0.0994209 0.0994209 0.0994209
25.734 1.1006 -0.2 0.97 0.113136 0.113136 0.113136 0.113136 0.113136 0.113136
25.755 1.109 -0.2 0.97 0.116574 0.116574 0.116574 0.116574 0.116574 0.116574
25.773 1.1162 -0.2 0.97 0.119481 0.119481 0.119481 0.119481 0.119481 0.119481
25.787 1.1218 -0.2 0.97 0.121714 0.121714 0.121714 0.121714 0.121714 0.121714
25.805 1.129 -0.2 0.97 0.124551 0.124551 0.124551 0.124551 0.124551 0.124551
25.829 1.1386 -0.2 0.97 0.12827 0.12827 0.12827 0.12827 0.12827 0.12827
25.846 1.1454 -0.2 0.97 0.13086 0.13086 0.13086 0.13086 0.13086 0.13086
25.935 1.181 -0.2 0.97 0.143786 0.143786 0.143786 0.143786 0.143786 0.143786
25.956 1.1894 -0.2 0.97 0.146673 0.146673 0.146673 0.146673 0.146673 0.146673
25.976 1.1974 -0.2 0.97 0.149363 0.149363 0.149363 0.149363 0.149363 0.149363
25.987 1.2018 -0.2 0.97 0.150817 0.150817 0.150817 0.150817 0.150817 0.150817
26.006 1.2094 -0.2 0.97 0.153285 0.153285 0.153285 0.153285 0.153285 0.153285
26.027 1.2178 -0.2 0.97 0.155949 0.155949 0.155949 0.155949 0.155949 0.155949
26.045 1.225 -0.2 0.97 0.158178 0.158178 0.158178 0.158178 0.158178 0.158178
26.137 1.2618 -0.2 0.97 0.168753 0.168753 0.168753 0.168753 0.168753 0.168753
26.147 1.2658 -0.2 0.97 0.169818 0.169818 0.169818 0.169818 0.169818 0.169818
26.167 1.2738 -0.2 0.97 0.171897 0.171897 0.171897 0.171897 0.171897 0.171897
26.186 1.2814 -0.2 0.97 0.173808 0.173808 0.173808 0.173808 0.173808 0.173808
