0.003 1.80764 0.00108466 1.97013 0.000599999 0.000599999 0.000599999 0.000599999 0.000599999 0.000599999
0.02 1.81128 0.00724813 1.97085 0.00399973 0.00399973 0.00399973 0.00399973 0.00399973 0.00399973
0.048 1.81722 0.017459 1.97201 0.00959631 0.00959631 0.00959631 0.00959631 0.00959631 0.00959631
0.086 1.82516 0.0314207 1.97353 0.0171788 0.0171788 0.0171788 0.0171788 0.0171788 0.0171788
0.106 1.82929 0.0388103 1.97431 0.0211603 0.0211603 0.0211603 0.0211603 0.0211603 0.0211603
0.117 1.83153 0.0428852 1.97472 0.0233466 0.0233466 0.0233466 0.0233466 0.0233466 0.0233466
0.137 1.83559 0.0503109 1.97547 0.0273144 0.0273144 0.0273144 0.0273144 0.0273144 0.0273144
0.159 1.84 0.0585008 1.97626 0.0316662 0.0316662 0.0316662 0.0316662 0.0316662 0.0316662
0.174 1.84297 0.0640956 1.97679 0.0346247 0.0346247 0.0346247 0.0346247 0.0346247 0.0346247
0.196 1.84728 0.0723134 1.97755 0.0389495 0.0389495 0.0389495 0.0389495 0.0389495 0.0389495
0.219 1.85172 0.0809155 1.97832 0.0434507 0.0434507 0.0434507 0.0434507 0.0434507 0.0434507
0.241 1.85591 0.0891489 1.97902 0.0477348 0.0477348 0.0477348 0.0477348 0.0477348 0.0477348
0.257 1.85891 0.0951372 1.97952 0.050836 0.050836 0.050836 0.050836 0.050836 0.050836
0.273 1.86188 0.101124 1.98001 0.0539243 0.0539243 0.0539243 0.0539243 0.0539243 0.0539243
0.294 1.86573 0.108975 1.98063 0.0579566 0.0579566 0.0579566 0.0579566 0.0579566 0.0579566
0.311 1.86879 0.115323 1.98111 0.0612022 0.0612022 0.0612022 0.0612022 0.0612022 0.0612022
0.324 1.87111 0.120171 1.98147 0.0636722 0.0636722 0.0636722 0.0636722 0.0636722 0.0636722
0.356 1.87671 0.132075 1.98233 0.0697056 0.0697056 0.0697056 0.0697056 0.0697056 0.0697056
0.377 1.8803 0.139857 1.98286 0.0736266 0.0736266 0.0736266 0.0736266 0.0736266 0.0736266
0.393 1.88299 0.145768 1.98325 0.0765923 0.0765923 0.0765923 0.0765923 0.0765923 0.0765923
0.415 1.88663 0.153864 1.98377 0.080638 0.080638 0.080638 0.080638 0.080638 0.080638
0.438 1.89035 0.162285 1.98428 0.0848258 0.0848258 0.0848258 0.0848258 0.0848258 0.0848258
0.457 1.89337 0.169204 1.98469 0.0882516 0.0882516 0.0882516 0.0882516 0.0882516 0.0882516
0.482 1.89724 0.178251 1.9852 0.0927104 0.0927104 0.0927104 0.0927104 0.0927104 0.0927104
0.505 1.90072 0.186509 1.98565 0.0967615 0.0967615 0.0967615 0.0967615 0.0967615 0.0967615
0.53 1.90441 0.195409 1.9861 0.101107 0.101107 0.101107 0.101107 0.101107 0.101107
0.546 1.90671 0.201059 1.98638 0.103855 0.103855 0.103855 0.103855 0.103855 0.103855
0.568 1.90982 0.208766 1.98674 0.107589 0.107589 0.107589 0.107589 0.107589 0.107589
0.588 1.91257 0.215706 1.98705 0.11094 0.11094 0.11094 0.11094 0.11094 0.11094
0.607 1.91512 0.222237 1.98733 0.114081 0.114081 0.114081 0.114081 0.114081 0.114081
0.622 1.9171 0.227347 1.98754 0.116532 0.116532 0.116532 0.116532 0.116532 0.116532
0.645 1.92006 0.235102 1.98784 0.12024 0.12024 0.12024 0.12024 0.12024 0.12024
0.672 1.92342 0.244073 1.98817 0.12451 0.12451 0.12451 0.12451 0.12451 0.12451
0.694 1.92607 0.25127 1.98842 0.127923 0.127923 0.127923 0.127923 0.127923 0.127923
0.714 1.92841 0.257721 1.98863 0.130972 0.130972 0.130972 0.130972 0.130972 0.130972
0.736 1.93091 0.264712 1.98885 0.134266 0.134266 0.134266 0.134266 0.134266 0.134266
0.759 1.93344 0.271897 1.98905 0.137639 0.137639 0.137639 0.137639 0.137639 0.137639
0.791 1.93682 0.281673 1.98931 0.142211 0.142211 0.142211 0.142211 0.142211 0.142211
0.822 1.93994 0.290887 1.98953 0.146502 0.146502 0.146502 0.146502 0.146502 0.146502
0.838 1.94149 0.295539 1.98964 0.148661 0.148661 0.148661 0.148661 0.148661 0.148661
0.866 1.94411 0.303505 1.9898 0.152349 0.152349 0.152349 0.152349 0.152349 0.152349
0.886 1.94591 0.309054 1.9899 0.15491 0.15491 0.15491 0.15491 0.15491 0.15491
0.903 1.94738 0.313675 1.98998 0.157038 0.157038 0.157038 0.157038 0.157038 0.157038
0.924 1.94915 0.31926 1.99007 0.159604 0.159604 0.159604 0.159604 0.159604 0.159604
0.954 1.95155 0.326994 1.99018 0.163147 0.163147 0.163147 0.163147 0.163147 0.163147
0.982 1.95368 0.333945 1.99027 0.166322 0.166322 0.166322 0.166322 0.166322 0.166322
1.005 1.95534 0.339455 1.99033 0.168832 0.168832 0.168832 0.168832 0.168832 0.168832
1.027 1.95686 0.344554 1.99038 0.17115 0.17115 0.17115 0.17115 0.17115 0.17115
1.047 1.95817 0.34904 1.99041 0.173185 0.173185 0.173185 0.173185 0.173185 0.173185
1.075 1.95993 0.355076 1.99046 0.175918 0.175918 0.175918 0.175918 0.175918 0.175918
1.104 1.96163 0.361021 1.99049 0.178603 0.178603 0.178603 0.178603 0.178603 0.178603
1.126 1.96284 0.365318 1.99051 0.18054 0.18054 0.18054 0.18054 0.18054 0.18054
1.164 1.96478 0.372297 1.99053 0.183679 0.183679 0.183679 0.183679 0.183679 0.183679
1.179 1.9655 0.374896 1.99053 0.184845 0.184845 0.184845 0.184845 0.184845 0.184845
1.207 1.96675 0.379504 1.99053 0.186911 0.186911 0.186911 0.186911 0.186911 0.186911
1.23 1.96771 0.38305 1.99053 0.188498 0.188498 0.188498 0.188498 0.188498 0.188498
1.253 1.96859 0.386378 1.99053 0.189985 0.189985 0.189985 0.189985 0.189985 0.189985
1.276 1.96942 0.389484 1.99052 0.191372 0.191372 0.191372 0.191372 0.191372 0.191372
1.291 1.96992 0.39139 1.99052 0.192222 0.192222 0.192222 0.192222 0.192222 0.192222
1.309 1.97048 0.393551 1.99051 0.193185 0.193185 0.193185 0.193185 0.193185 0.193185
1.328 1.97104 0.395681 1.9905 0.194134 0.194134 0.194134 0.194134 0.194134 0.194134
1.343 1.97145 0.397252 1.9905 0.194833 0.194833 0.194833 0.194833 0.194833 0.194833
1.362 1.97192 0.399103 1.99049 0.195656 0.195656 0.195656 0.195656 0.195656 0.195656
1.395 1.97265 0.401941 1.99048 0.196918 0.196918 0.196918 0.196918 0.196918 0.196918
1.42 1.97312 0.403772 1.99047 0.19773 0.19773 0.19773 0.19773 0.19773 0.19773
1.439 1.97342 0.404978 1.99046 0.198265 0.198265 0.198265 0.198265 0.198265 0.198265
1.464 1.97376 0.40632 1.99045 0.198861 0.198861 0.198861 0.198861 0.198861 0.198861
1.487 1.97401 0.407307 1.99044 0.199298 0.199298 0.199298 0.199298 0.199298 0.199298
1.508 1.97418 0.408001 1.99044 0.199606 0.199606 0.199606 0.199606 0.199606 0.199606
1.531 1.97432 0.408533 1.99044 0.199842 0.199842 0.199842 0.199842 0.199842 0.199842
1.552 1.97439 0.408811 1.99043 0.199965 0.199965 0.199965 0.199965 0.199965 0.199965
1.57 1.97441 0.40889 1.99043 0.2 0.2 0.2 0.2 0.2 0.2
1.588 1.97439 0.408824 1.99043 0.19997 0.19997 0.19997 0.19997 0.19997 0.19997
1.615 1.9743 0.40845 1.99044 0.199805 0.199805 0.199805 0.199805 0.199805 0.199805
1.633 1.97419 0.408018 1.99044 0.199613 0.199613 0.199613 0.199613 0.199613 0.199613
1.649 1.97406 0.407511 1.99044 0.199389 0.199389 0.199389 0.199389 0.199389 0.199389
1.729 1.97299 0.403258 1.99047 0.197502 0.197502 0.197502 0.197502 0.197502 0.197502
1.769 1.97217 0.400066 1.99049 0.196084 0.196084 0.196084 0.196084 0.196084 0.196084
1.788 1.97172 0.398303 1.99049 0.195301 0.195301 0.195301 0.195301 0.195301 0.195301
1.812 1.97108 0.395852 1.9905 0.19421 0.19421 0.19421 0.19421 0.19421 0.19421
1.837 1.97035 0.393035 1.99051 0.192955 0.192955 0.192955 0.192955 0.192955 0.192955
1.851 1.96991 0.39134 1.99052 0.1922 0.1922 0.1922 0.1922 0.1922 0.1922
1.882 1.96884 0.387291 1.99053 0.190393 0.190393 0.190393 0.190393 0.190393 0.190393
1.904 1.96801 0.384173 1.99053 0.189 0.189 0.189 0.189 0.189 0.189
1.921 1.96732 0.381626 1.99053 0.187861 0.187861 0.187861 0.187861 0.187861 0.187861
1.938 1.9666 0.37896 1.99053 0.186667 0.186667 0.186667 0.186667 0.186667 0.186667
1.96 1.96562 0.375336 1.99053 0.185042 0.185042 0.185042 0.185042 0.185042 0.185042
1.974 1.96495 0.372928 1.99053 0.183962 0.183962 0.183962 0.183962 0.183962 0.183962
1.999 1.96371 0.368435 1.99052 0.181943 0.181943 0.181943 0.181943 0.181943 0.181943
2.018 1.96271 0.364857 1.9905 0.180332 0.180332 0.180332 0.180332 0.180332 0.180332
2.051 1.96085 0.358312 1.99047 0.17738 0.17738 0.17738 0.17738 0.17738 0.17738
2.074 1.95947 0.353507 1.99045 0.175208 0.175208 0.175208 0.175208 0.175208 0.175208
2.086 1.95872 0.350923 1.99043 0.174038 0.174038 0.174038 0.174038 0.174038 0.174038
2.101 1.95776 0.347619 1.9904 0.172541 0.172541 0.172541 0.172541 0.172541 0.172541
2.124 1.95622 0.342395 1.99036 0.170169 0.170169 0.170169 0.170169 0.170169 0.170169
2.146 1.95467 0.337224 1.99031 0.167816 0.167816 0.167816 0.167816 0.167816 0.167816
2.166 1.9532 0.332378 1.99025 0.165607 0.165607 0.165607 0.165607 0.165607 0.165607
2.196 1.95089 0.324856 1.99015 0.162169 0.162169 0.162169 0.162169 0.162169 0.162169
2.215 1.94936 0.31994 1.99008 0.159916 0.159916 0.159916 0.159916 0.159916 0.159916
2.238 1.94743 0.313835 1.98999 0.157111 0.157111 0.157111 0.157111 0.157111 0.157111
2.264 1.94516 0.306736 1.98986 0.153841 0.153841 0.153841 0.153841 0.153841 0.153841
2.29 1.94278 0.299435 1.98972 0.150466 0.150466 0.150466 0.150466 0.150466 0.150466
2.315 1.94039 0.29223 1.98956 0.147126 0.147126 0.147126 0.147126 0.147126 0.147126
2.336 1.93831 0.286043 1.98942 0.144248 0.144248 0.144248 0.144248 0.144248 0.144248
2.35 1.93688 0.281852 1.98932 0.142295 0.142295 0.142295 0.142295 0.142295 0.142295
2.366 1.93521 0.276999 1.98919 0.140028 0.140028 0.140028 0.140028 0.140028 0.140028
2.388 1.93285 0.270219 1.98901 0.136853 0.136853 0.136853 0.136853 0.136853 0.136853
2.412 1.93019 0.262688 1.98879 0.133313 0.133313 0.133313 0.133313 0.133313 0.133313
2.43 1.92813 0.25695 1.98861 0.130608 0.130608 0.130608 0.130608 0.130608 0.130608
2.447 1.92614 0.251463 1.98843 0.128015 0.128015 0.128015 0.128015 0.128015 0.128015
2.469 1.92349 0.244268 1.98818 0.124603 0.124603 0.124603 0.124603 0.124603 0.124603
2.493 1.92051 0.236304 1.98789 0.120813 0.120813 0.120813 0.120813 0.120813 0.120813
2.514 1.91783 0.229242 1.98761 0.11744 0.11744 0.11744 0.11744 0.11744 0.11744
2.525 1.91639 0.22551 1.98746 0.115652 0.115652 0.115652 0.115652 0.115652 0.115652
2.55 1.91306 0.216946 1.9871 0.111537 0.111537 0.111537 0.111537 0.111537 0.111537
2.571 1.91018 0.20967 1.98678 0.108026 0.108026 0.108026 0.108026 0.108026 0.108026
2.59 1.90751 0.203025 1.98647 0.104809 0.104809 0.104809 0.104809 0.104809 0.104809
2.602 1.9058 0.198801 1.98627 0.102757 0.102757 0.102757 0.102757 0.102757 0.102757
2.633 1.90126 0.187793 1.98571 0.0973897 0.0973897 0.0973897 0.0973897 0.0973897 0.0973897
2.651 1.89855 0.181343 1.98537 0.0942297 0.0942297 0.0942297 0.0942297 0.0942297 0.0942297
2.681 1.89393 0.170509 1.98477 0.0888958 0.0888958 0.0888958 0.0888958 0.0888958 0.0888958
2.7 1.89093 0.163596 1.98436 0.085476 0.085476 0.085476 0.085476 0.085476 0.085476
2.721 1.88754 0.155916 1.9839 0.0816603 0.0816603 0.0816603 0.0816603 0.0816603 0.0816603
2.735 1.88525 0.150775 1.98357 0.0790964 0.0790964 0.0790964 0.0790964 0.0790964 0.0790964
2.765 1.88023 0.139707 1.98285 0.0735508 0.0735508 0.0735508 0.0735508 0.0735508 0.0735508
2.78 1.87767 0.13415 1.98247 0.0707529 0.0707529 0.0707529 0.0707529 0.0707529 0.0707529
2.806 1.87316 0.124489 1.98179 0.0658658 0.0658658 0.0658658 0.0658658 0.0658658 0.0658658
2.834 1.86818 0.114051 1.98102 0.060553 0.060553 0.060553 0.060553 0.060553 0.060553
2.854 1.86456 0.10658 1.98044 0.0567289 0.0567289 0.0567289 0.0567289 0.0567289 0.0567289
2.881 1.85958 0.0964817 1.97963 0.0515306 0.0515306 0.0515306 0.0515306 0.0515306 0.0515306
2.902 1.85564 0.0886222 1.97898 0.0474614 0.0474614 0.0474614 0.0474614 0.0474614 0.0474614
2.922 1.85184 0.0811373 1.97833 0.0435664 0.0435664 0.0435664 0.0435664 0.0435664 0.0435664
2.944 1.84759 0.0729087 1.9776 0.0392619 0.0392619 0.0392619 0.0392619 0.0392619 0.0392619
2.964 1.84368 0.0654367 1.97692 0.0353321 0.0353321 0.0353321 0.0353321 0.0353321 0.0353321
2.988 1.83892 0.056486 1.97607 0.0305979 0.0305979 0.0305979 0.0305979 0.0305979 0.0305979
3.014 1.83369 0.0468155 1.97512 0.0254493 0.0254493 0.0254493 0.0254493 0.0254493 0.0254493
3.036 1.8292 0.0386596 1.97429 0.0210793 0.0210793 0.0210793 0.0210793 0.0210793 0.0210793
3.056 1.82508 0.0312704 1.97352 0.0170976 0.0170976 0.0170976 0.0170976 0.0170976 0.0170976
3.071 1.82196 0.0257465 1.97293 0.0141068 0.0141068 0.0141068 0.0141068 0.0141068 0.0141068
3.093 1.81735 0.0176758 1.97204 0.00971471 0.00971471 0.00971471 0.00971471 0.00971471 0.00971471
3.11 1.81375 0.0114671 1.97134 0.00631748 0.00631748 0.00631748 0.00631748 0.00631748 0.00631748
3.138 1.80777 0.00129905 1.97015 0.000718529 0.000718529 0.000718529 0.000718529 0.000718529 0.000718529
3.156 1.80389 -0.00519592 1.96938 -0.00288137 -0.00288137 -0.00288137 -0.00288137 -0.00288137 -0.00288137
3.18 1.79869 -0.0138007 1.96832 -0.00767958 -0.00767958 -0.00767958 -0.00767958 -0.00767958 -0.00767958
3.201 1.79409 -0.0212746 1.96737 -0.0118745 -0.0118745 -0.0118745 -0.0118745 -0.0118745 -0.0118745
3.223 1.78925 -0.0290452 1.96636 -0.0162635 -0.0162635 -0.0162635 -0.0162635 -0.0162635 -0.0162635
3.239 1.78571 -0.0346564 1.96562 -0.0194507 -0.0194507 -0.0194507 -0.0194507 -0.0194507 -0.0194507
3.258 1.7815 -0.0412736 1.96472 -0.0232289 -0.0232289 -0.0232289 -0.0232289 -0.0232289 -0.0232289
3.287 1.77502 -0.0512723 1.96332 -0.0289791 -0.0289791 -0.0289791 -0.0289791 -0.0289791 -0.0289791
3.307 1.77054 -0.0580931 1.96234 -0.0329308 -0.0329308 -0.0329308 -0.0329308 -0.0329308 -0.0329308
3.332 1.76491 -0.0665289 1.9611 -0.0378518 -0.0378518 -0.0378518 -0.0378518 -0.0378518 -0.0378518
3.353 1.76017 -0.0735342 1.96004 -0.0419672 -0.0419672 -0.0419672 -0.0419672 -0.0419672 -0.0419672
3.376 1.75498 -0.081119 1.95887 -0.0464533 -0.0464533 -0.0464533 -0.0464533 -0.0464533 -0.0464533
3.395 1.75068 -0.0873131 1.95789 -0.0501408 -0.0501408 -0.0501408 -0.0501408 -0.0501408 -0.0501408
3.416 1.74592 -0.0940816 1.95679 -0.0541953 -0.0541953 -0.0541953 -0.0541953 -0.0541953 -0.0541953
3.445 1.73935 -0.10329 1.95526 -0.0597547 -0.0597547 -0.0597547 -0.0597547 -0.0597547 -0.0597547
3.47 1.7337 -0.111096 1.95393 -0.0645072 -0.0645072 -0.0645072 -0.0645072 -0.0645072 -0.0645072
3.497 1.72761 -0.119384 1.95248 -0.0695945 -0.0695945 -0.0695945 -0.0695945 -0.0695945 -0.0695945
3.516 1.72333 -0.125126 1.95146 -0.0731442 -0.0731442 -0.0731442 -0.0731442 -0.0731442 -0.0731442
3.537 1.71862 -0.131382 1.95031 -0.0770368 -0.0770368 -0.0770368 -0.0770368 -0.0770368 -0.0770368
3.554 1.71481 -0.136377 1.94939 -0.0801632 -0.0801632 -0.0801632 -0.0801632 -0.0801632 -0.0801632
3.572 1.7108 -0.141597 1.9484 -0.0834482 -0.0834482 -0.0834482 -0.0834482 -0.0834482 -0.0834482
3.593 1.70614 -0.147595 1.94725 -0.0872465 -0.0872465 -0.0872465 -0.0872465 -0.0872465 -0.0872465
3.609 1.70261 -0.152098 1.94637 -0.0901146 -0.0901146 -0.0901146 -0.0901146 -0.0901146 -0.0901146
3.637 1.69646 -0.159838 1.94483 -0.095078 -0.095078 -0.095078 -0.095078 -0.095078 -0.095078
3.659 1.69167 -0.165791 1.94361 -0.0989257 -0.0989257 -0.0989257 -0.0989257 -0.0989257 -0.0989257
3.68 1.68714 -0.171367 1.94246 -0.102554 -0.102554 -0.102554 -0.102554 -0.102554 -0.102554
3.709 1.68094 -0.178894 1.94086 -0.107489 -0.107489 -0.107489 -0.107489 -0.107489 -0.107489
3.727 1.67713 -0.183463 1.93988 -0.110508 -0.110508 -0.110508 -0.110508 -0.110508 -0.110508
3.752 1.6719 -0.189679 1.93851 -0.11464 -0.11464 -0.11464 -0.11464 -0.11464 -0.11464
3.772 1.66776 -0.194541 1.93742 -0.117895 -0.117895 -0.117895 -0.117895 -0.117895 -0.117895
3.787 1.66468 -0.198122 1.93661 -0.120305 -0.120305 -0.120305 -0.120305 -0.120305 -0.120305
3.807 1.66063 -0.20281 1.93554 -0.123476 -0.123476 -0.123476 -0.123476 -0.123476 -0.123476
3.826 1.65682 -0.20717 1.93452 -0.126443 -0.126443 -0.126443 -0.126443 -0.126443 -0.126443
3.849 1.65228 -0.212327 1.9333 -0.129973 -0.129973 -0.129973 -0.129973 -0.129973 -0.129973
3.869 1.64838 -0.216701 1.93225 -0.132987 -0.132987 -0.132987 -0.132987 -0.132987 -0.132987
3.888 1.64474 -0.220763 1.93126 -0.135801 -0.135801 -0.135801 -0.135801 -0.135801 -0.135801
3.91 1.64058 -0.225351 1.93013 -0.138998 -0.138998 -0.138998 -0.138998 -0.138998 -0.138998
3.93 1.63687 -0.229414 1.92911 -0.141846 -0.141846 -0.141846 -0.141846 -0.141846 -0.141846
3.955 1.63233 -0.234348 1.92786 -0.145326 -0.145326 -0.145326 -0.145326 -0.145326 -0.145326
3.973 1.62912 -0.2378 1.92697 -0.147776 -0.147776 -0.147776 -0.147776 -0.147776 -0.147776
3.997 1.62493 -0.242273 1.92581 -0.150968 -0.150968 -0.150968 -0.150968 -0.150968 -0.150968
4.015 1.62185 -0.24553 1.92495 -0.153304 -0.153304 -0.153304 -0.153304 -0.153304 -0.153304
4.037 1.61817 -0.249396 1.92391 -0.156093 -0.156093 -0.156093 -0.156093 -0.156093 -0.156093
4.051 1.61588 -0.251791 1.92327 -0.157828 -0.157828 -0.157828 -0.157828 -0.157828 -0.157828
4.075 1.61203 -0.255778 1.92218 -0.16073 -0.16073 -0.16073 -0.16073 -0.16073 -0.16073
4.095 1.60891 -0.258987 1.92129 -0.163079 -0.163079 -0.163079 -0.163079 -0.163079 -0.163079
4.116 1.60573 -0.262243 1.92038 -0.165474 -0.165474 -0.165474 -0.165474 -0.165474 -0.165474
4.136 1.60278 -0.265239 1.91954 -0.167687 -0.167687 -0.167687 -0.167687 -0.167687 -0.167687
4.164 1.59879 -0.269257 1.91839 -0.170673 -0.170673 -0.170673 -0.170673 -0.170673 -0.170673
4.185 1.59591 -0.272138 1.91756 -0.172825 -0.172825 -0.172825 -0.172825 -0.172825 -0.172825
4.21 1.59261 -0.275418 1.91661 -0.175287 -0.175287 -0.175287 -0.175287 -0.175287 -0.175287
4.23 1.59007 -0.277926 1.91587 -0.177178 -0.177178 -0.177178 -0.177178 -0.177178 -0.177178
4.249 1.58774 -0.280212 1.91519 -0.178909 -0.178909 -0.178909 -0.178909 -0.178909 -0.178909
4.271 1.58515 -0.282743 1.91443 -0.180832 -0.180832 -0.180832 -0.180832 -0.180832 -0.180832
4.291 1.5829 -0.284935 1.91377 -0.182504 -0.182504 -0.182504 -0.182504 -0.182504 -0.182504
4.311 1.58074 -0.287024 1.91314 -0.184104 -0.184104 -0.184104 -0.184104 -0.184104 -0.184104
4.33 1.57878 -0.288914 1.91256 -0.185555 -0.185555 -0.185555 -0.185555 -0.185555 -0.185555
4.352 1.57662 -0.290986 1.91192 -0.187152 -0.187152 -0.187152 -0.187152 -0.187152 -0.187152
4.375 1.57449 -0.29302 1.91129 -0.188724 -0.188724 -0.188724 -0.188724 -0.188724 -0.188724
4.392 1.573 -0.294436 1.91085 -0.189823 -0.189823 -0.189823 -0.189823 -0.189823 -0.189823
4.411 1.57142 -0.295931 1.91038 -0.190985 -0.190985 -0.190985 -0.190985 -0.190985 -0.190985
4.431 1.56986 -0.297405 1.90992 -0.192134 -0.192134 -0.192134 -0.192134 -0.192134 -0.192134
4.457 1.56799 -0.299169 1.90936 -0.193513 -0.193513 -0.193513 -0.193513 -0.193513 -0.193513
4.474 1.56686 -0.30023 1.90902 -0.194344 -0.194344 -0.194344 -0.194344 -0.194344 -0.194344
4.496 1.56551 -0.301493 1.90862 -0.195336 -0.195336 -0.195336 -0.195336 -0.195336 -0.195336
4.514 1.5645 -0.302436 1.90832 -0.196077 -0.196077 -0.196077 -0.196077 -0.196077 -0.196077
4.536 1.56339 -0.303476 1.90798 -0.196897 -0.196897 -0.196897 -0.196897 -0.196897 -0.196897
4.55 1.56274 -0.304074 1.90779 -0.197369 -0.197369 -0.197369 -0.197369 -0.197369 -0.197369
4.571 1.56188 -0.304879 1.90753 -0.198004 -0.198004 -0.198004 -0.198004 -0.198004 -0.198004
4.59 1.56119 -0.30551 1.90732 -0.198504 -0.198504 -0.198504 -0.198504 -0.198504 -0.198504
4.611 1.56056 -0.306103 1.90713 -0.198973 -0.198973 -0.198973 -0.198973 -0.198973 -0.198973
4.626 1.56017 -0.306458 1.90702 -0.199254 -0.199254 -0.199254 -0.199254 -0.199254 -0.199254
4.651 1.55967 -0.306923 1.90686 -0.199623 -0.199623 -0.199623 -0.199623 -0.199623 -0.199623
4.693 1.5592 -0.30735 1.90672 -0.199962 -0.199962 -0.199962 -0.199962 -0.199962 -0.199962
4.72 1.55916 -0.30739 1.90671 -0.199994 -0.199994 -0.199994 -0.199994 -0.199994 -0.199994
4.74 1.55926 -0.307302 1.90674 -0.199924 -0.199924 -0.199924 -0.199924 -0.199924 -0.199924
4.761 1.55948 -0.3071 1.90681 -0.199764 -0.199764 -0.199764 -0.199764 -0.199764 -0.199764
4.783 1.55983 -0.30677 1.90691 -0.199502 -0.199502 -0.199502 -0.199502 -0.199502 -0.199502
4.8 1.5602 -0.306431 1.90702 -0.199233 -0.199233 -0.199233 -0.199233 -0.199233 -0.199233
4.822 1.56079 -0.305884 1.9072 -0.1988 -0.1988 -0.1988 -0.1988 -0.1988 -0.1988
4.841 1.56141 -0.305314 1.90739 -0.198348 -0.198348 -0.198348 -0.198348 -0.198348 -0.198348
4.865 1.56232 -0.304463 1.90766 -0.197676 -0.197676 -0.197676 -0.197676 -0.197676 -0.197676
4.888 1.56335 -0.303511 1.90797 -0.196924 -0.196924 -0.196924 -0.196924 -0.196924 -0.196924
4.905 1.5642 -0.302721 1.90823 -0.196302 -0.196302 -0.196302 -0.196302 -0.196302 -0.196302
4.922 1.56512 -0.301858 1.9085 -0.195622 -0.195622 -0.195622 -0.195622 -0.195622 -0.195622
4.943 1.56637 -0.300691 1.90888 -0.194705 -0.194705 -0.194705 -0.194705 -0.194705 -0.194705
4.969 1.56807 -0.29909 1.90939 -0.193451 -0.193451 -0.193451 -0.193451 -0.193451 -0.193451
4.989 1.56951 -0.297742 1.90981 -0.192397 -0.192397 -0.192397 -0.192397 -0.192397 -0.192397
5.011 1.5712 -0.296142 1.91032 -0.191149 -0.191149 -0.191149 -0.191149 -0.191149 -0.191149
5.034 1.57311 -0.294336 1.91088 -0.189745 -0.189745 -0.189745 -0.189745 -0.189745 -0.189745
5.047 1.57424 -0.293256 1.91122 -0.188908 -0.188908 -0.188908 -0.188908 -0.188908 -0.188908
5.067 1.57607 -0.29151 1.91176 -0.187556 -0.187556 -0.187556 -0.187556 -0.187556 -0.187556
5.092 1.5785 -0.289182 1.91248 -0.185762 -0.185762 -0.185762 -0.185762 -0.185762 -0.185762
5.113 1.58066 -0.287104 1.91312 -0.184165 -0.184165 -0.184165 -0.184165 -0.184165 -0.184165
5.134 1.58292 -0.284911 1.91378 -0.182486 -0.182486 -0.182486 -0.182486 -0.182486 -0.182486
5.158 1.58564 -0.282267 1.91458 -0.180469 -0.180469 -0.180469 -0.180469 -0.180469 -0.180469
5.182 1.5885 -0.279473 1.91541 -0.178349 -0.178349 -0.178349 -0.178349 -0.178349 -0.178349
5.203 1.5911 -0.276907 1.91617 -0.176409 -0.176409 -0.176409 -0.176409 -0.176409 -0.176409
5.23 1.5946 -0.27344 1.91719 -0.173801 -0.173801 -0.173801 -0.173801 -0.173801 -0.173801
5.248 1.59703 -0.271024 1.91789 -0.171991 -0.171991 -0.171991 -0.171991 -0.171991 -0.171991
5.271 1.60023 -0.267814 1.91881 -0.169598 -0.169598 -0.169598 -0.169598 -0.169598 -0.169598
5.294 1.60354 -0.264467 1.91976 -0.167116 -0.167116 -0.167116 -0.167116 -0.167116 -0.167116
5.321 1.60757 -0.260362 1.92091 -0.164089 -0.164089 -0.164089 -0.164089 -0.164089 -0.164089
5.348 1.61175 -0.256068 1.9221 -0.160942 -0.160942 -0.160942 -0.160942 -0.160942 -0.160942
5.367 1.61478 -0.252932 1.92296 -0.158657 -0.158657 -0.158657 -0.158657 -0.158657 -0.158657
5.39 1.61854 -0.249011 1.92402 -0.155815 -0.155815 -0.155815 -0.155815 -0.155815 -0.155815
5.405 1.62104 -0.24638 1.92472 -0.153916 -0.153916 -0.153916 -0.153916 -0.153916 -0.153916
5.424 1.62427 -0.242964 1.92562 -0.151462 -0.151462 -0.151462 -0.151462 -0.151462 -0.151462
5.442 1.6274 -0.23964 1.92649 -0.149087 -0.149087 -0.149087 -0.149087 -0.149087 -0.149087
5.469 1.63219 -0.234499 1.92782 -0.145433 -0.145433 -0.145433 -0.145433 -0.145433 -0.145433
5.488 1.63563 -0.230767 1.92877 -0.142799 -0.142799 -0.142799 -0.142799 -0.142799 -0.142799
5.511 1.63988 -0.226126 1.92994 -0.13954 -0.13954 -0.13954 -0.13954 -0.13954 -0.13954
5.53 1.64345 -0.22219 1.93091 -0.136793 -0.136793 -0.136793 -0.136793 -0.136793 -0.136793
5.553 1.64785 -0.217301 1.93211 -0.133402 -0.133402 -0.133402 -0.133402 -0.133402 -0.133402
5.573 1.65173 -0.21294 1.93316 -0.130395 -0.130395 -0.130395 -0.130395 -0.130395 -0.130395
5.595 1.65607 -0.208026 1.93432 -0.127027 -0.127027 -0.127027 -0.127027 -0.127027 -0.127027
5.608 1.65866 -0.205065 1.93501 -0.125008 -0.125008 -0.125008 -0.125008 -0.125008 -0.125008
5.637 1.66453 -0.198306 1.93657 -0.120429 -0.120429 -0.120429 -0.120429 -0.120429 -0.120429
5.658 1.66883 -0.193281 1.93771 -0.11705 -0.11705 -0.11705 -0.11705 -0.11705 -0.11705
5.682 1.67382 -0.187404 1.93901 -0.113124 -0.113124 -0.113124 -0.113124 -0.113124 -0.113124
5.701 1.67781 -0.182651 1.94005 -0.10997 -0.10997 -0.10997 -0.10997 -0.10997 -0.10997
5.72 1.68184 -0.17781 1.94109 -0.106776 -0.106776 -0.106776 -0.106776 -0.106776 -0.106776
5.747 1.68762 -0.170782 1.94258 -0.102172 -0.102172 -0.102172 -0.102172 -0.102172 -0.102172
5.765 1.69151 -0.165999 1.94357 -0.0990609 -0.0990609 -0.0990609 -0.0990609 -0.0990609 -0.0990609
5.789 1.69673 -0.159504 1.94489 -0.0948629 -0.0948629 -0.0948629 -0.0948629 -0.0948629 -0.0948629
5.807 1.70067 -0.154544 1.94588 -0.0916784 -0.0916784 -0.0916784 -0.0916784 -0.0916784 -0.0916784
5.833 1.70641 -0.147249 1.94732 -0.0870265 -0.0870265 -0.0870265 -0.0870265 -0.0870265 -0.0870265
5.859 1.71219 -0.1398 1.94874 -0.0823157 -0.0823157 -0.0823157 -0.0823157 -0.0823157 -0.0823157
5.875 1.71576 -0.135142 1.94962 -0.0793889 -0.0793889 -0.0793889 -0.0793889 -0.0793889 -0.0793889
5.898 1.72091 -0.128348 1.95087 -0.0751462 -0.0751462 -0.0751462 -0.0751462 -0.0751462 -0.0751462
5.912 1.72405 -0.124157 1.95163 -0.0725441 -0.0725441 -0.0725441 -0.0725441 -0.0725441 -0.0725441
5.943 1.73104 -0.11473 1.9533 -0.0667324 -0.0667324 -0.0667324 -0.0667324 -0.0667324 -0.0667324
5.965 1.73601 -0.10792 1.95448 -0.0625687 -0.0625687 -0.0625687 -0.0625687 -0.0625687 -0.0625687
5.991 1.74189 -0.0997462 1.95586 -0.0576091 -0.0576091 -0.0576091 -0.0576091 -0.0576091 -0.0576091
6.018 1.74801 -0.0911194 1.95727 -0.0524176 -0.0524176 -0.0524176 -0.0524176 -0.0524176 -0.0524176
6.029 1.7505 -0.0875653 1.95785 -0.0502914 -0.0502914 -0.0502914 -0.0502914 -0.0502914 -0.0502914
6.051 1.75548 -0.0803903 1.95898 -0.0460209 -0.0460209 -0.0460209 -0.0460209 -0.0460209 -0.0460209
6.068 1.75932 -0.0747865 1.95985 -0.0427057 -0.0427057 -0.0427057 -0.0427057 -0.0427057 -0.0427057
6.092 1.76474 -0.0667897 1.96106 -0.0380045 -0.0380045 -0.0380045 -0.0380045 -0.0380045 -0.0380045
6.109 1.76856 -0.0610667 1.96191 -0.0346612 -0.0346612 -0.0346612 -0.0346612 -0.0346612 -0.0346612
6.121 1.77126 -0.0569985 1.9625 -0.032295 -0.032295 -0.032295 -0.032295 -0.032295 -0.032295
6.144 1.77641 -0.0491377 1.96362 -0.0277473 -0.0277473 -0.0277473 -0.0277473 -0.0277473 -0.0277473
6.168 1.78177 -0.0408496 1.96478 -0.0229862 -0.0229862 -0.0229862 -0.0229862 -0.0229862 -0.0229862
6.201 1.78908 -0.0293188 1.96633 -0.0164186 -0.0164186 -0.0164186 -0.0164186 -0.0164186 -0.0164186
6.224 1.79414 -0.0211959 1.96738 -0.0118302 -0.0118302 -0.0118302 -0.0118302 -0.0118302 -0.0118302
6.243 1.7983 -0.0144356 1.96824 -0.0080349 -0.0080349 -0.0080349 -0.0080349 -0.0080349 -0.0080349
6.259 1.80178 -0.0087095 1.96895 -0.00483659 -0.00483659 -0.00483659 -0.00483659 -0.00483659 -0.00483659
6.29 1.80846 0.00246521 1.97029 0.00136293 0.00136293 0.00136293 0.00136293 0.00136293 0.00136293
6.313 1.81337 0.0108192 1.97126 0.00596206 0.00596206 0.00596206 0.00596206 0.00596206 0.00596206
6.328 1.81655 0.0162939 1.97188 0.00895994 0.00895994 0.00895994 0.00895994 0.00895994 0.00895994
6.346 1.82034 0.0228888 1.97261 0.0125547 0.0125547 0.0125547 0.0125547 0.0125547 0.0125547
6.37 1.82533 0.0317212 1.97357 0.0173411 0.0173411 0.0173411 0.0173411 0.0173411 0.0173411
6.387 1.82884 0.0380017 1.97422 0.0207257 0.0207257 0.0207257 0.0207257 0.0207257 0.0207257
6.411 1.83373 0.046898 1.97513 0.0254934 0.0254934 0.0254934 0.0254934 0.0254934 0.0254934
6.433 1.83816 0.0550789 1.97594 0.029851 0.029851 0.029851 0.029851 0.029851 0.029851
6.448 1.84115 0.0606687 1.97647 0.0328139 0.0328139 0.0328139 0.0328139 0.0328139 0.0328139
6.47 1.84549 0.0688808 1.97724 0.037146 0.037146 0.037146 0.037146 0.037146 0.037146
6.492 1.84977 0.0771051 1.97798 0.0414601 0.0414601 0.0414601 0.0414601 0.0414601 0.0414601
6.507 1.85265 0.0827171 1.97847 0.0443902 0.0443902 0.0443902 0.0443902 0.0443902 0.0443902
6.527 1.85644 0.0902024 1.97911 0.0482812 0.0482812 0.0482812 0.0482812 0.0482812 0.0482812
6.553 1.8613 0.0999322 1.97991 0.0533106 0.0533106 0.0533106 0.0533106 0.0533106 0.0533106
6.574 1.86515 0.107785 1.98054 0.0573466 0.0573466 0.0573466 0.0573466 0.0573466 0.0573466
6.584 1.86696 0.111521 1.98082 0.0592597 0.0592597 0.0592597 0.0592597 0.0592597 0.0592597
6.6 1.86983 0.117492 1.98128 0.0623083 0.0623083 0.0623083 0.0623083 0.0623083 0.0623083
6.622 1.87372 0.125688 1.98188 0.0664739 0.0664739 0.0664739 0.0664739 0.0664739 0.0664739
6.659 1.8801 0.139419 1.98283 0.0734061 0.0734061 0.0734061 0.0734061 0.0734061 0.0734061
6.687 1.88479 0.149753 1.98351 0.0785858 0.0785858 0.0785858 0.0785858 0.0785858 0.0785858
6.713 1.88904 0.159294 1.9841 0.0833405 0.0833405 0.0833405 0.0833405 0.0833405 0.0833405
6.733 1.89223 0.166592 1.98454 0.0869597 0.0869597 0.0869597 0.0869597 0.0869597 0.0869597
6.757 1.89598 0.175296 1.98504 0.0912568 0.0912568 0.0912568 0.0912568 0.0912568 0.0912568
6.773 1.89844 0.181064 1.98536 0.0940925 0.0940925 0.0940925 0.0940925 0.0940925 0.0940925
6.793 1.90144 0.18823 1.98574 0.0976031 0.0976031 0.0976031 0.0976031 0.0976031 0.0976031
6.814 1.90453 0.195697 1.98611 0.101247 0.101247 0.101247 0.101247 0.101247 0.101247
6.83 1.90683 0.201346 1.98639 0.103994 0.103994 0.103994 0.103994 0.103994 0.103994
6.855 1.91035 0.210095 1.9868 0.108232 0.108232 0.108232 0.108232 0.108232 0.108232
6.877 1.91336 0.217711 1.98714 0.111905 0.111905 0.111905 0.111905 0.111905 0.111905
6.895 1.91576 0.223881 1.9874 0.114871 0.114871 0.114871 0.114871 0.114871 0.114871
6.919 1.91889 0.232017 1.98772 0.118767 0.118767 0.118767 0.118767 0.118767 0.118767
6.95 1.92278 0.242361 1.98811 0.123697 0.123697 0.123697 0.123697 0.123697 0.123697
6.971 1.92533 0.249257 1.98835 0.12697 0.12697 0.12697 0.12697 0.12697 0.12697
7.001 1.92885 0.258942 1.98867 0.131548 0.131548 0.131548 0.131548 0.131548 0.131548
7.017 1.93067 0.264023 1.98883 0.133941 0.133941 0.133941 0.133941 0.133941 0.133941
7.034 1.93255 0.269355 1.98898 0.136447 0.136447 0.136447 0.136447 0.136447 0.136447
7.052 1.9345 0.274923 1.98914 0.139057 0.139057 0.139057 0.139057 0.139057 0.139057
7.072 1.9366 0.281014 1.9893 0.141904 0.141904 0.141904 0.141904 0.141904 0.141904
7.096 1.93903 0.288184 1.98947 0.145245 0.145245 0.145245 0.145245 0.145245 0.145245
7.116 1.94099 0.294039 1.9896 0.147966 0.147966 0.147966 0.147966 0.147966 0.147966
7.154 1.94455 0.304852 1.98983 0.152971 0.152971 0.152971 0.152971 0.152971 0.152971
7.176 1.9465 0.310917 1.98994 0.155768 0.155768 0.155768 0.155768 0.155768 0.155768
7.191 1.94779 0.314968 1.99 0.157632 0.157632 0.157632 0.157632 0.157632 0.157632
7.213 1.94962 0.320782 1.9901 0.160302 0.160302 0.160302 0.160302 0.160302 0.160302
7.235 1.95138 0.326441 1.99018 0.162894 0.162894 0.162894 0.162894 0.162894 0.162894
7.251 1.95262 0.330456 1.99023 0.16473 0.16473 0.16473 0.16473 0.16473 0.16473
7.268 1.95389 0.334629 1.99028 0.166634 0.166634 0.166634 0.166634 0.166634 0.166634
7.289 1.9554 0.339647 1.99033 0.16892 0.16892 0.16892 0.16892 0.16892 0.16892
7.307 1.95664 0.343827 1.99037 0.17082 0.17082 0.17082 0.17082 0.17082 0.17082
7.327 1.95797 0.348335 1.99041 0.172866 0.172866 0.172866 0.172866 0.172866 0.172866
7.346 1.95918 0.352485 1.99044 0.174746 0.174746 0.174746 0.174746 0.174746 0.174746
7.375 1.96093 0.358562 1.99048 0.177493 0.177493 0.177493 0.177493 0.177493 0.177493
7.395 1.96206 0.362568 1.9905 0.179301 0.179301 0.179301 0.179301 0.179301 0.179301
7.417 1.96325 0.366799 1.99051 0.181207 0.181207 0.181207 0.181207 0.181207 0.181207
7.44 1.96443 0.371021 1.99052 0.183105 0.183105 0.183105 0.183105 0.183105 0.183105
7.458 1.9653 0.37418 1.99053 0.184524 0.184524 0.184524 0.184524 0.184524 0.184524
7.487 1.96661 0.378995 1.99053 0.186683 0.186683 0.186683 0.186683 0.186683 0.186683
7.509 1.96754 0.382421 1.99053 0.188216 0.188216 0.188216 0.188216 0.188216 0.188216
7.527 1.96825 0.385075 1.99053 0.189403 0.189403 0.189403 0.189403 0.189403 0.189403
7.556 1.96931 0.389067 1.99052 0.191186 0.191186 0.191186 0.191186 0.191186 0.191186
7.583 1.9702 0.392466 1.99051 0.192702 0.192702 0.192702 0.192702 0.192702 0.192702
7.602 1.97078 0.394671 1.99051 0.193684 0.193684 0.193684 0.193684 0.193684 0.193684
7.616 1.97117 0.396196 1.9905 0.194363 0.194363 0.194363 0.194363 0.194363 0.194363
7.634 1.97165 0.398033 1.99049 0.19518 0.19518 0.19518 0.19518 0.19518 0.19518
7.661 1.97229 0.400523 1.99048 0.196287 0.196287 0.196287 0.196287 0.196287 0.196287
7.688 1.97284 0.402693 1.99047 0.197251 0.197251 0.197251 0.197251 0.197251 0.197251
7.712 1.97326 0.404352 1.99046 0.197988 0.197988 0.197988 0.197988 0.197988 0.197988
7.742 1.9737 0.406064 1.99045 0.198747 0.198747 0.198747 0.198747 0.198747 0.198747
7.762 1.97393 0.406983 1.99045 0.199155 0.199155 0.199155 0.199155 0.199155 0.199155
7.788 1.97416 0.407908 1.99044 0.199565 0.199565 0.199565 0.199565 0.199565 0.199565
7.812 1.97431 0.408493 1.99044 0.199824 0.199824 0.199824 0.199824 0.199824 0.199824
7.84 1.9744 0.408846 1.99043 0.19998 0.19998 0.19998 0.19998 0.19998 0.19998
7.869 1.97439 0.40884 1.99043 0.199977 0.199977 0.199977 0.199977 0.199977 0.199977
7.883 1.97436 0.4087 1.99044 0.199916 0.199916 0.199916 0.199916 0.199916 0.199916
7.901 1.97428 0.408392 1.99044 0.199779 0.199779 0.199779 0.199779 0.199779 0.199779
7.921 1.97415 0.407877 1.99044 0.199551 0.199551 0.199551 0.199551 0.199551 0.199551
7.938 1.97401 0.407299 1.99044 0.199295 0.199295 0.199295 0.199295 0.199295 0.199295
7.962 1.97375 0.406261 1.99045 0.198834 0.198834 0.198834 0.198834 0.198834 0.198834
7.992 1.97333 0.404601 1.99046 0.198098 0.198098 0.198098 0.198098 0.198098 0.198098
8.011 1.97301 0.403342 1.99047 0.19754 0.19754 0.19754 0.19754 0.19754 0.19754
8.023 1.97278 0.402465 1.99047 0.19715 0.19715 0.19715 0.19715 0.19715 0.19715
8.052 1.97217 0.400082 1.99049 0.196092 0.196092 0.196092 0.196092 0.196092 0.196092
8.086 1.97133 0.39682 1.9905 0.194641 0.194641 0.194641 0.194641 0.194641 0.194641
8.104 1.97083 0.39489 1.99051 0.193782 0.193782 0.193782 0.193782 0.193782 0.193782
8.131 1.97001 0.391733 1.99052 0.192375 0.192375 0.192375 0.192375 0.192375 0.192375
8.165 1.96884 0.387316 1.99053 0.190404 0.190404 0.190404 0.190404 0.190404 0.190404
8.188 1.96797 0.384053 1.99053 0.188947 0.188947 0.188947 0.188947 0.188947 0.188947
8.208 1.96716 0.381038 1.99053 0.187597 0.187597 0.187597 0.187597 0.187597 0.187597
8.227 1.96635 0.378021 1.99053 0.186246 0.186246 0.186246 0.186246 0.186246 0.186246
8.251 1.96525 0.374001 1.99053 0.184444 0.184444 0.184444 0.184444 0.184444 0.184444
8.262 1.96472 0.372082 1.99053 0.183582 0.183582 0.183582 0.183582 0.183582 0.183582
8.279 1.96387 0.369021 1.99052 0.182206 0.182206 0.182206 0.182206 0.182206 0.182206
8.296 1.96299 0.365847 1.99051 0.180778 0.180778 0.180778 0.180778 0.180778 0.180778
8.322 1.96156 0.360777 1.99049 0.178493 0.178493 0.178493 0.178493 0.178493 0.178493
8.349 1.95997 0.35524 1.99046 0.175992 0.175992 0.175992 0.175992 0.175992 0.175992
8.363 1.95911 0.352262 1.99044 0.174645 0.174645 0.174645 0.174645 0.174645 0.174645
8.379 1.9581 0.34877 1.99041 0.173063 0.173063 0.173063 0.173063 0.173063 0.173063
8.399 1.95677 0.344275 1.99037 0.171024 0.171024 0.171024 0.171024 0.171024 0.171024
8.423 1.95511 0.338694 1.99032 0.168486 0.168486 0.168486 0.168486 0.168486 0.168486
8.444 1.95359 0.333647 1.99027 0.166186 0.166186 0.166186 0.166186 0.166186 0.166186
8.463 1.95216 0.328951 1.99021 0.164042 0.164042 0.164042 0.164042 0.164042 0.164042
8.478 1.95099 0.325159 1.99016 0.162307 0.162307 0.162307 0.162307 0.162307 0.162307
8.497 1.94946 0.32025 1.99009 0.160058 0.160058 0.160058 0.160058 0.160058 0.160058
8.515 1.94796 0.315493 1.99001 0.157873 0.157873 0.157873 0.157873 0.157873 0.157873
8.531 1.94659 0.31118 1.98994 0.155889 0.155889 0.155889 0.155889 0.155889 0.155889
8.552 1.94473 0.305399 1.98984 0.153223 0.153223 0.153223 0.153223 0.153223 0.153223
8.57 1.94308 0.30034 1.98974 0.150885 0.150885 0.150885 0.150885 0.150885 0.150885
8.593 1.94089 0.293739 1.9896 0.147826 0.147826 0.147826 0.147826 0.147826 0.147826
8.61 1.93923 0.288764 1.98948 0.145515 0.145515 0.145515 0.145515 0.145515 0.145515
8.629 1.93731 0.28311 1.98935 0.142882 0.142882 0.142882 0.142882 0.142882 0.142882
8.643 1.93586 0.278883 1.98924 0.140908 0.140908 0.140908 0.140908 0.140908 0.140908
8.662 1.93385 0.273065 1.98909 0.138186 0.138186 0.138186 0.138186 0.138186 0.138186
8.677 1.93222 0.268407 1.98895 0.136002 0.136002 0.136002 0.136002 0.136002 0.136002
8.703 1.9293 0.260206 1.98871 0.132144 0.132144 0.132144 0.132144 0.132144 0.132144
8.715 1.92792 0.256367 1.98859 0.130333 0.130333 0.130333 0.130333 0.130333 0.130333
8.736 1.92545 0.249571 1.98836 0.127119 0.127119 0.127119 0.127119 0.127119 0.127119
8.763 1.92216 0.240694 1.98805 0.122904 0.122904 0.122904 0.122904 0.122904 0.122904
8.786 1.91927 0.233014 1.98776 0.119243 0.119243 0.119243 0.119243 0.119243 0.119243
8.807 1.91655 0.225913 1.98748 0.115845 0.115845 0.115845 0.115845 0.115845 0.115845
8.834 1.91295 0.216665 1.98709 0.111401 0.111401 0.111401 0.111401 0.111401 0.111401
8.853 1.91034 0.210082 1.9868 0.108226 0.108226 0.108226 0.108226 0.108226 0.108226
8.87 1.90796 0.204143 1.98652 0.105351 0.105351 0.105351 0.105351 0.105351 0.105351
8.885 1.90582 0.198866 1.98627 0.102789 0.102789 0.102789 0.102789 0.102789 0.102789
8.907 1.90262 0.191068 1.98588 0.0989901 0.0989901 0.0989901 0.0989901 0.0989901 0.0989901
8.933 1.89873 0.181769 1.98539 0.0944388 0.0944388 0.0944388 0.0944388 0.0944388 0.0944388
8.955 1.89536 0.173837 1.98496 0.0905377 0.0905377 0.0905377 0.0905377 0.0905377 0.0905377
8.973 1.89254 0.167306 1.98458 0.0873132 0.0873132 0.0873132 0.0873132 0.0873132 0.0873132
8.999 1.88838 0.157816 1.98401 0.0826059 0.0826059 0.0826059 0.0826059 0.0826059 0.0826059
9.015 1.88577 0.151946 1.98365 0.0796811 0.0796811 0.0796811 0.0796811 0.0796811 0.0796811
9.037 1.88212 0.143841 1.98313 0.0756265 0.0756265 0.0756265 0.0756265 0.0756265 0.0756265
9.057 1.87873 0.136443 1.98263 0.0719086 0.0719086 0.0719086 0.0719086 0.0719086 0.0719086
9.076 1.87546 0.129393 1.98214 0.0683499 0.0683499 0.0683499 0.0683499 0.0683499 0.0683499
9.1 1.87125 0.120461 1.9815 0.0638197 0.0638197 0.0638197 0.0638197 0.0638197 0.0638197
9.128 1.86623 0.110013 1.98071 0.0584881 0.0584881 0.0584881 0.0584881 0.0584881 0.0584881
9.141 1.86386 0.105154 1.98033 0.0559969 0.0559969 0.0559969 0.0559969 0.0559969 0.0559969
9.155 1.86129 0.0999184 1.97991 0.0533035 0.0533035 0.0533035 0.0533035 0.0533035 0.0533035
9.171 1.85831 0.0939314 1.97942 0.0502125 0.0502125 0.0502125 0.0502125 0.0502125 0.0502125
9.197 1.8534 0.0842003 1.9786 0.0451627 0.0451627 0.0451627 0.0451627 0.0451627 0.0451627
9.208 1.8513 0.0800841 1.97824 0.0430168 0.0430168 0.0430168 0.0430168 0.0430168 0.0430168
9.222 1.8486 0.0748475 1.97778 0.0402782 0.0402782 0.0402782 0.0402782 0.0402782 0.0402782
9.243 1.8445 0.0669995 1.97706 0.0361557 0.0361557 0.0361557 0.0361557 0.0361557 0.0361557
9.263 1.84055 0.0595364 1.97636 0.0322146 0.0322146 0.0322146 0.0322146 0.0322146 0.0322146
9.288 1.83554 0.0502283 1.97546 0.0272704 0.0272704 0.0272704 0.0272704 0.0272704 0.0272704
9.31 1.83108 0.0420615 1.97464 0.0229052 0.0229052 0.0229052 0.0229052 0.0229052 0.0229052
9.324 1.82821 0.0368784 1.97411 0.0201215 0.0201215 0.0201215 0.0201215 0.0201215 0.0201215
9.357 1.82137 0.0247119 1.97281 0.0135452 0.0135452 0.0135452 0.0135452 0.0135452 0.0135452
9.377 1.81718 0.0173777 1.972 0.00955196 0.00955196 0.00955196 0.00955196 0.00955196 0.00955196
9.397 1.81294 0.0100774 1.97118 0.00555488 0.00555488 0.00555488 0.00555488 0.00555488 0.00555488
9.42 1.80803 0.00172793 1.9702 0.000955589 0.000955589 0.000955589 0.000955589 0.000955589 0.000955589
9.448 1.80199 -0.00836383 1.96899 -0.00464399 -0.00464399 -0.00464399 -0.00464399 -0.00464399 -0.00464399
9.47 1.7972 -0.0162319 1.96801 -0.00904133 -0.00904133 -0.00904133 -0.00904133 -0.00904133 -0.00904133
9.494 1.79194 -0.024749 1.96692 -0.0138334 -0.0138334 -0.0138334 -0.0138334 -0.0138334 -0.0138334
9.519 1.78642 -0.0335421 1.96577 -0.0188165 -0.0188165 -0.0188165 -0.0188165 -0.0188165 -0.0188165
9.537 1.78243 -0.0398204 1.96492 -0.0223973 -0.0223973 -0.0223973 -0.0223973 -0.0223973 -0.0223973
9.559 1.77752 -0.0474307 1.96386 -0.0267639 -0.0267639 -0.0267639 -0.0267639 -0.0267639 -0.0267639
9.576 1.77372 -0.0532618 1.96304 -0.0301293 -0.0301293 -0.0301293 -0.0301293 -0.0301293 -0.0301293
9.595 1.76945 -0.0597257 1.9621 -0.0338802 -0.0338802 -0.0338802 -0.0338802 -0.0338802 -0.0338802
9.624 1.76292 -0.0694785 1.96066 -0.0395814 -0.0395814 -0.0395814 -0.0395814 -0.0395814 -0.0395814
9.649 1.75728 -0.0777717 1.95939 -0.0444696 -0.0444696 -0.0444696 -0.0444696 -0.0444696 -0.0444696
9.669 1.75275 -0.0843269 1.95836 -0.0483603 -0.0483603 -0.0483603 -0.0483603 -0.0483603 -0.0483603
9.69 1.748 -0.0911313 1.95727 -0.0524247 -0.0524247 -0.0524247 -0.0524247 -0.0524247 -0.0524247
9.712 1.74302 -0.0981709 1.95612 -0.0566578 -0.0566578 -0.0566578 -0.0566578 -0.0566578 -0.0566578
9.744 1.73578 -0.108243 1.95442 -0.0627656 -0.0627656 -0.0627656 -0.0627656 -0.0627656 -0.0627656
9.769 1.73013 -0.115969 1.95309 -0.0674929 -0.0674929 -0.0674929 -0.0674929 -0.0674929 -0.0674929
9.797 1.72382 -0.124469 1.95157 -0.0727372 -0.0727372 -0.0727372 -0.0727372 -0.0727372 -0.0727372
9.822 1.71821 -0.131918 1.95022 -0.0773716 -0.0773716 -0.0773716 -0.0773716 -0.0773716 -0.0773716
9.839 1.71441 -0.136906 1.94929 -0.0804956 -0.0804956 -0.0804956 -0.0804956 -0.0804956 -0.0804956
9.872 1.70707 -0.146407 1.94748 -0.0864925 -0.0864925 -0.0864925 -0.0864925 -0.0864925 -0.0864925
9.897 1.70155 -0.153442 1.9461 -0.0909733 -0.0909733 -0.0909733 -0.0909733 -0.0909733 -0.0909733
9.919 1.69672 -0.159514 1.94489 -0.0948694 -0.0948694 -0.0948694 -0.0948694 -0.0948694 -0.0948694
9.948 1.69041 -0.167345 1.94329 -0.0999347 -0.0999347 -0.0999347 -0.0999347 -0.0999347 -0.0999347
9.965 1.68675 -0.171843 1.94236 -0.102865 -0.102865 -0.102865 -0.102865 -0.102865 -0.102865
9.984 1.68268 -0.17679 1.94131 -0.106105 -0.106105 -0.106105 -0.106105 -0.106105 -0.106105
10.006 1.67801 -0.182408 1.94011 -0.109809 -0.109809 -0.109809 -0.109809 -0.109809 -0.109809
10.019 1.67528 -0.185672 1.93939 -0.111973 -0.111973 -0.111973 -0.111973 -0.111973 -0.111973
10.046 1.66965 -0.19232 1.93792 -0.116406 -0.116406 -0.116406 -0.116406 -0.116406 -0.116406
10.069 1.66493 -0.197841 1.93668 -0.120115 -0.120115 -0.120115 -0.120115 -0.120115 -0.120115
10.095 1.65966 -0.203923 1.93528 -0.124232 -0.124232 -0.124232 -0.124232 -0.124232 -0.124232
10.121 1.65448 -0.209836 1.93389 -0.128265 -0.128265 -0.128265 -0.128265 -0.128265 -0.128265
10.154 1.64803 -0.217093 1.93216 -0.133258 -0.133258 -0.133258 -0.133258 -0.133258 -0.133258
10.173 1.64439 -0.221146 1.93117 -0.136067 -0.136067 -0.136067 -0.136067 -0.136067 -0.136067
10.194 1.64043 -0.225518 1.93009 -0.139115 -0.139115 -0.139115 -0.139115 -0.139115 -0.139115
10.205 1.63838 -0.227763 1.92953 -0.140687 -0.140687 -0.140687 -0.140687 -0.140687 -0.140687
10.226 1.63453 -0.231963 1.92847 -0.143641 -0.143641 -0.143641 -0.143641 -0.143641 -0.143641
10.246 1.63093 -0.235857 1.92747 -0.146396 -0.146396 -0.146396 -0.146396 -0.146396 -0.146396
10.268 1.62704 -0.240021 1.9264 -0.149358 -0.149358 -0.149358 -0.149358 -0.149358 -0.149358
10.292 1.6229 -0.24442 1.92524 -0.152507 -0.152507 -0.152507 -0.152507 -0.152507 -0.152507
10.309 1.62003 -0.247446 1.92444 -0.154684 -0.154684 -0.154684 -0.154684 -0.154684 -0.154684
10.334 1.61591 -0.25176 1.92328 -0.157805 -0.157805 -0.157805 -0.157805 -0.157805 -0.157805
10.352 1.61301 -0.254765 1.92246 -0.159991 -0.159991 -0.159991 -0.159991 -0.159991 -0.159991
10.385 1.60787 -0.260056 1.921 -0.163864 -0.163864 -0.163864 -0.163864 -0.163864 -0.163864
10.404 1.60501 -0.262974 1.92018 -0.166013 -0.166013 -0.166013 -0.166013 -0.166013 -0.166013
10.431 1.60107 -0.266959 1.91905 -0.168963 -0.168963 -0.168963 -0.168963 -0.168963 -0.168963
10.451 1.59826 -0.269789 1.91824 -0.17107 -0.17107 -0.17107 -0.17107 -0.17107 -0.17107
10.477 1.59473 -0.273313 1.91722 -0.173705 -0.173705 -0.173705 -0.173705 -0.173705 -0.173705
10.507 1.59085 -0.277161 1.9161 -0.176601 -0.176601 -0.176601 -0.176601 -0.176601 -0.176601
10.527 1.58837 -0.279597 1.91537 -0.178443 -0.178443 -0.178443 -0.178443 -0.178443 -0.178443
10.555 1.58506 -0.282834 1.91441 -0.180901 -0.180901 -0.180901 -0.180901 -0.180901 -0.180901
10.575 1.58281 -0.285022 1.91375 -0.182571 -0.182571 -0.182571 -0.182571 -0.182571 -0.182571
10.588 1.5814 -0.286389 1.91333 -0.183617 -0.183617 -0.183617 -0.183617 -0.183617 -0.183617
10.611 1.579 -0.288701 1.91263 -0.185392 -0.185392 -0.185392 -0.185392 -0.185392 -0.185392
10.631 1.57702 -0.290601 1.91204 -0.186855 -0.186855 -0.186855 -0.186855 -0.186855 -0.186855
10.65 1.57523 -0.292311 1.91151 -0.188176 -0.188176 -0.188176 -0.188176 -0.188176 -0.188176
10.677 1.57285 -0.294582 1.91081 -0.189937 -0.189937 -0.189937 -0.189937 -0.189937 -0.189937
10.695 1.57136 -0.295993 1.91036 -0.191033 -0.191033 -0.191033 -0.191033 -0.191033 -0.191033
10.712 1.57003 -0.297249 1.90997 -0.192012 -0.192012 -0.192012 -0.192012 -0.192012 -0.192012
10.74 1.568 -0.299157 1.90936 -0.193504 -0.193504 -0.193504 -0.193504 -0.193504 -0.193504
10.765 1.56637 -0.300693 1.90888 -0.194707 -0.194707 -0.194707 -0.194707 -0.194707 -0.194707
10.797 1.56451 -0.302426 1.90832 -0.19607 -0.19607 -0.19607 -0.19607 -0.19607 -0.19607
10.82 1.56335 -0.303512 1.90797 -0.196925 -0.196925 -0.196925 -0.196925 -0.196925 -0.196925
10.836 1.56262 -0.304189 1.90775 -0.197459 -0.197459 -0.197459 -0.197459 -0.197459 -0.197459
10.846 1.5622 -0.304578 1.90763 -0.197767 -0.197767 -0.197767 -0.197767 -0.197767 -0.197767
10.878 1.56104 -0.305656 1.90728 -0.198619 -0.198619 -0.198619 -0.198619 -0.198619 -0.198619
10.905 1.56027 -0.306364 1.90705 -0.19918 -0.19918 -0.19918 -0.19918 -0.19918 -0.19918
10.925 1.55983 -0.30677 1.90691 -0.199502 -0.199502 -0.199502 -0.199502 -0.199502 -0.199502
10.947 1.55948 -0.3071 1.90681 -0.199764 -0.199764 -0.199764 -0.199764 -0.199764 -0.199764
10.978 1.5592 -0.307359 1.90672 -0.199969 -0.199969 -0.199969 -0.199969 -0.199969 -0.199969
10.998 1.55915 -0.307397 1.90671 -0.199999 -0.199999 -0.199999 -0.199999 -0.199999 -0.199999
11.024 1.55926 -0.307296 1.90674 -0.199919 -0.199919 -0.199919 -0.199919 -0.199919 -0.199919
11.049 1.55954 -0.307038 1.90683 -0.199715 -0.199715 -0.199715 -0.199715 -0.199715 -0.199715
11.069 1.55989 -0.306719 1.90693 -0.199461 -0.199461 -0.199461 -0.199461 -0.199461 -0.199461
11.095 1.5605 -0.306152 1.90712 -0.199012 -0.199012 -0.199012 -0.199012 -0.199012 -0.199012
11.116 1.56113 -0.305571 1.9073 -0.198552 -0.198552 -0.198552 -0.198552 -0.198552 -0.198552
11.138 1.56192 -0.304842 1.90754 -0.197975 -0.197975 -0.197975 -0.197975 -0.197975 -0.197975
11.157 1.5627 -0.304114 1.90778 -0.1974 -0.1974 -0.1974 -0.1974 -0.1974 -0.1974
11.171 1.56334 -0.303519 1.90797 -0.19693 -0.19693 -0.19693 -0.19693 -0.19693 -0.19693
11.186 1.56408 -0.302826 1.90819 -0.196385 -0.196385 -0.196385 -0.196385 -0.196385 -0.196385
11.196 1.56461 -0.302333 1.90835 -0.195996 -0.195996 -0.195996 -0.195996 -0.195996 -0.195996
11.217 1.56581 -0.301215 1.90871 -0.195117 -0.195117 -0.195117 -0.195117 -0.195117 -0.195117
11.234 1.56686 -0.300228 1.90902 -0.194342 -0.194342 -0.194342 -0.194342 -0.194342 -0.194342
11.253 1.56813 -0.299037 1.9094 -0.19341 -0.19341 -0.19341 -0.19341 -0.19341 -0.19341
11.277 1.56987 -0.297402 1.90992 -0.192132 -0.192132 -0.192132 -0.192132 -0.192132 -0.192132
11.297 1.57143 -0.295928 1.91038 -0.190983 -0.190983 -0.190983 -0.190983 -0.190983 -0.190983
11.316 1.573 -0.294433 1.91085 -0.18982 -0.18982 -0.18982 -0.18982 -0.18982 -0.18982
11.346 1.57568 -0.291884 1.91165 -0.187845 -0.187845 -0.187845 -0.187845 -0.187845 -0.187845
11.369 1.57788 -0.289773 1.9123 -0.186217 -0.186217 -0.186217 -0.186217 -0.186217 -0.186217
11.392 1.58022 -0.287527 1.91299 -0.184489 -0.184489 -0.184489 -0.184489 -0.184489 -0.184489
11.412 1.58235 -0.285463 1.91361 -0.182908 -0.182908 -0.182908 -0.182908 -0.182908 -0.182908
11.441 1.58562 -0.282288 1.91457 -0.180485 -0.180485 -0.180485 -0.180485 -0.180485 -0.180485
11.468 1.58884 -0.279136 1.91551 -0.178093 -0.178093 -0.178093 -0.178093 -0.178093 -0.178093
11.485 1.59095 -0.277055 1.91613 -0.176521 -0.176521 -0.176521 -0.176521 -0.176521 -0.176521
11.509 1.59405 -0.27399 1.91703 -0.174213 -0.174213 -0.174213 -0.174213 -0.174213 -0.174213
11.526 1.59632 -0.271728 1.91768 -0.172518 -0.172518 -0.172518 -0.172518 -0.172518 -0.172518
11.543 1.59866 -0.269392 1.91836 -0.170773 -0.170773 -0.170773 -0.170773 -0.170773 -0.170773
11.561 1.6012 -0.266836 1.91909 -0.168872 -0.168872 -0.168872 -0.168872 -0.168872 -0.168872
11.591 1.60558 -0.26239 1.92034 -0.165582 -0.165582 -0.165582 -0.165582 -0.165582 -0.165582
11.614 1.60907 -0.258823 1.92134 -0.162958 -0.162958 -0.162958 -0.162958 -0.162958 -0.162958
11.636 1.61251 -0.255282 1.92232 -0.160368 -0.160368 -0.160368 -0.160368 -0.160368 -0.160368
11.658 1.61604 -0.251615 1.92331 -0.157701 -0.157701 -0.157701 -0.157701 -0.157701 -0.157701
11.679 1.6195 -0.247998 1.92429 -0.155083 -0.155083 -0.155083 -0.155083 -0.155083 -0.155083
11.704 1.62373 -0.243543 1.92547 -0.151877 -0.151877 -0.151877 -0.151877 -0.151877 -0.151877
11.726 1.62754 -0.239488 1.92653 -0.148978 -0.148978 -0.148978 -0.148978 -0.148978 -0.148978
11.747 1.63126 -0.235501 1.92757 -0.146143 -0.146143 -0.146143 -0.146143 -0.146143 -0.146143
11.773 1.63596 -0.230406 1.92886 -0.142544 -0.142544 -0.142544 -0.142544 -0.142544 -0.142544
11.794 1.63984 -0.226164 1.92993 -0.139567 -0.139567 -0.139567 -0.139567 -0.139567 -0.139567
11.818 1.64436 -0.221178 1.93116 -0.136089 -0.136089 -0.136089 -0.136089 -0.136089 -0.136089
11.852 1.65091 -0.213861 1.93294 -0.131028 -0.131028 -0.131028 -0.131028 -0.131028 -0.131028
11.87 1.65445 -0.209869 1.93389 -0.128288 -0.128288 -0.128288 -0.128288 -0.128288 -0.128288
11.889 1.65823 -0.205566 1.9349 -0.125349 -0.125349 -0.125349 -0.125349 -0.125349 -0.125349
11.909 1.66225 -0.200938 1.93597 -0.122208 -0.122208 -0.122208 -0.122208 -0.122208 -0.122208
11.933 1.66715 -0.195253 1.93726 -0.118373 -0.118373 -0.118373 -0.118373 -0.118373 -0.118373
11.957 1.67211 -0.189424 1.93857 -0.11447 -0.11447 -0.11447 -0.11447 -0.11447 -0.11447
11.982 1.67735 -0.183202 1.93993 -0.110335 -0.110335 -0.110335 -0.110335 -0.110335 -0.110335
12.004 1.68201 -0.177601 1.94114 -0.106639 -0.106639 -0.106639 -0.106639 -0.106639 -0.106639
12.024 1.68629 -0.172407 1.94224 -0.103234 -0.103234 -0.103234 -0.103234 -0.103234 -0.103234
12.048 1.69146 -0.166049 1.94356 -0.0990931 -0.0990931 -0.0990931 -0.0990931 -0.0990931 -0.0990931
12.069 1.69603 -0.160373 1.94472 -0.0954233 -0.0954233 -0.0954233 -0.0954233 -0.0954233 -0.0954233
12.094 1.70151 -0.153483 1.94609 -0.0909997 -0.0909997 -0.0909997 -0.0909997 -0.0909997 -0.0909997
12.112 1.70548 -0.148433 1.94709 -0.0877794 -0.0877794 -0.0877794 -0.0877794 -0.0877794 -0.0877794
12.125 1.70836 -0.14474 1.9478 -0.0854358 -0.0854358 -0.0854358 -0.0854358 -0.0854358 -0.0854358
12.147 1.71326 -0.138405 1.94901 -0.0814371 -0.0814371 -0.0814371 -0.0814371 -0.0814371 -0.0814371
12.173 1.71907 -0.130779 1.95043 -0.0766608 -0.0766608 -0.0766608 -0.0766608 -0.0766608 -0.0766608
12.195 1.72401 -0.124213 1.95162 -0.0725786 -0.0725786 -0.0725786 -0.0725786 -0.0725786 -0.0725786
12.22 1.72964 -0.116627 1.95297 -0.0678972 -0.0678972 -0.0678972 -0.0678972 -0.0678972 -0.0678972
12.236 1.73326 -0.111704 1.95383 -0.0648787 -0.0648787 -0.0648787 -0.0648787 -0.0648787 -0.0648787
12.254 1.73733 -0.106103 1.95479 -0.0614631 -0.0614631 -0.0614631 -0.0614631 -0.0614631 -0.0614631
12.279 1.74298 -0.0982181 1.95611 -0.0566863 -0.0566863 -0.0566863 -0.0566863 -0.0566863 -0.0566863
12.298 1.74729 -0.0921444 1.95711 -0.0530321 -0.0530321 -0.0530321 -0.0530321 -0.0530321 -0.0530321
12.317 1.75159 -0.0860026 1.9581 -0.0493588 -0.0493588 -0.0493588 -0.0493588 -0.0493588 -0.0493588
12.339 1.75657 -0.0788084 1.95923 -0.0450833 -0.0450833 -0.0450833 -0.0450833 -0.0450833 -0.0450833
12.357 1.76063 -0.0728581 1.96014 -0.0415689 -0.0415689 -0.0415689 -0.0415689 -0.0415689 -0.0415689
12.381 1.76605 -0.0648376 1.96135 -0.0368622 -0.0368622 -0.0368622 -0.0368622 -0.0368622 -0.0368622
12.406 1.77167 -0.0563813 1.96259 -0.0319368 -0.0319368 -0.0319368 -0.0319368 -0.0319368 -0.0319368
12.433 1.77771 -0.0471375 1.9639 -0.0265951 -0.0265951 -0.0265951 -0.0265951 -0.0265951 -0.0265951
12.456 1.78284 -0.0391767 1.965 -0.0220293 -0.0220293 -0.0220293 -0.0220293 -0.0220293 -0.0220293
12.473 1.78661 -0.033244 1.9658 -0.018647 -0.018647 -0.018647 -0.018647 -0.018647 -0.018647
12.493 1.79103 -0.0262138 1.96673 -0.014661 -0.014661 -0.014661 -0.014661 -0.014661 -0.014661
12.517 1.79629 -0.0177092 1.96783 -0.00987011 -0.00987011 -0.00987011 -0.00987011 -0.00987011 -0.00987011
12.551 1.80369 -0.00554252 1.96933 -0.003074 -0.003074 -0.003074 -0.003074 -0.003074 -0.003074
12.574 1.80864 0.00276024 1.97033 0.00152586 0.00152586 0.00152586 0.00152586 0.00152586 0.00152586
12.598 1.81376 0.0114805 1.97134 0.00632482 0.00632482 0.00632482 0.00632482 0.00632482 0.00632482
12.62 1.81841 0.0195201 1.97224 0.0107207 0.0107207 0.0107207 0.0107207 0.0107207 0.0107207
12.637 1.82197 0.0257601 1.97293 0.0141141 0.0141141 0.0141141 0.0141141 0.0141141 0.0141141
12.655 1.82571 0.0323907 1.97364 0.0177027 0.0177027 0.0177027 0.0177027 0.0177027 0.0177027
12.673 1.82941 0.0390433 1.97433 0.0212855 0.0212855 0.0212855 0.0212855 0.0212855 0.0212855
12.696 1.8341 0.0475719 1.9752 0.0258533 0.0258533 0.0258533 0.0258533 0.0258533 0.0258533
12.72 1.83893 0.0564996 1.97607 0.0306052 0.0306052 0.0306052 0.0306052 0.0306052 0.0306052
12.752 1.84526 0.068438 1.9772 0.036913 0.036913 0.036913 0.036913 0.036913 0.036913
12.777 1.85012 0.0777839 1.97804 0.0418151 0.0418151 0.0418151 0.0418151 0.0418151 0.0418151
12.802 1.85489 0.0871388 1.97885 0.046691 0.046691 0.046691 0.046691 0.046691 0.046691
12.826 1.8594 0.0961212 1.9796 0.0513445 0.0513445 0.0513445 0.0513445 0.0513445 0.0513445
12.847 1.86329 0.103977 1.98024 0.0553921 0.0553921 0.0553921 0.0553921 0.0553921 0.0553921
12.869 1.86729 0.112198 1.98088 0.0596062 0.0596062 0.0596062 0.0596062 0.0596062 0.0596062
12.885 1.87016 0.118169 1.98133 0.062653 0.062653 0.062653 0.062653 0.062653 0.062653
12.902 1.87316 0.124503 1.98179 0.0658727 0.0658727 0.0658727 0.0658727 0.0658727 0.0658727
12.918 1.87595 0.130452 1.98221 0.0688856 0.0688856 0.0688856 0.0688856 0.0688856 0.0688856
12.933 1.87854 0.136017 1.9826 0.0716942 0.0716942 0.0716942 0.0716942 0.0716942 0.0716942
12.953 1.88193 0.143417 1.9831 0.0754137 0.0754137 0.0754137 0.0754137 0.0754137 0.0754137
12.976 1.88575 0.151891 1.98364 0.0796539 0.0796539 0.0796539 0.0796539 0.0796539 0.0796539
13.005 1.89045 0.162515 1.9843 0.0849398 0.0849398 0.0849398 0.0849398 0.0849398 0.0849398
13.023 1.89331 0.16907 1.98468 0.0881851 0.0881851 0.0881851 0.0881851 0.0881851 0.0881851
13.043 1.89642 0.176313 1.9851 0.0917574 0.0917574 0.0917574 0.0917574 0.0917574 0.0917574
13.062 1.89932 0.183152 1.98547 0.0951171 0.0951171 0.0951171 0.0951171 0.0951171 0.0951171
13.084 1.9026 0.191015 1.98588 0.0989643 0.0989643 0.0989643 0.0989643 0.0989643 0.0989643
13.099 1.90479 0.19634 1.98615 0.10156 0.10156 0.10156 0.10156 0.10156 0.10156
13.117 1.90737 0.202687 1.98645 0.104645 0.104645 0.104645 0.104645 0.104645 0.104645
13.143 1.91101 0.211769 1.98687 0.10904 0.10904 0.10904 0.10904 0.10904 0.10904
13.163 1.91374 0.21868 1.98718 0.112371 0.112371 0.112371 0.112371 0.112371 0.112371
13.179 1.91587 0.224159 1.98741 0.115004 0.115004 0.115004 0.115004 0.115004 0.115004
13.201 1.91873 0.231618 1.98771 0.118576 0.118576 0.118576 0.118576 0.118576 0.118576
13.223 1.92152 0.238984 1.98799 0.12209 0.12209 0.12209 0.12209 0.12209 0.12209
13.231 1.92251 0.241639 1.98808 0.123353 0.123353 0.123353 0.123353 0.123353 0.123353
13.252 1.92507 0.248544 1.98833 0.126632 0.126632 0.126632 0.126632 0.126632 0.126632
13.27 1.9272 0.254387 1.98852 0.129398 0.129398 0.129398 0.129398 0.129398 0.129398
13.289 1.9294 0.260477 1.98872 0.132272 0.132272 0.132272 0.132272 0.132272 0.132272
13.308 1.93154 0.266482 1.9889 0.135098 0.135098 0.135098 0.135098 0.135098 0.135098
13.331 1.93405 0.273636 1.9891 0.138454 0.138454 0.138454 0.138454 0.138454 0.138454
13.351 1.93616 0.279748 1.98926 0.141313 0.141313 0.141313 0.141313 0.141313 0.141313
13.369 1.93801 0.28516 1.9894 0.143837 0.143837 0.143837 0.143837 0.143837 0.143837
13.391 1.9402 0.291656 1.98955 0.146859 0.146859 0.146859 0.146859 0.146859 0.146859
13.406 1.94165 0.296009 1.98965 0.148879 0.148879 0.148879 0.148879 0.148879 0.148879
13.425 1.94343 0.30143 1.98976 0.15139 0.15139 0.15139 0.15139 0.15139 0.15139
13.445 1.94525 0.307023 1.98987 0.153973 0.153973 0.153973 0.153973 0.153973 0.153973
13.466 1.94709 0.312766 1.98997 0.156619 0.156619 0.156619 0.156619 0.156619 0.156619
13.485 1.9487 0.317845 1.99005 0.158954 0.158954 0.158954 0.158954 0.158954 0.158954
13.504 1.95026 0.32281 1.99012 0.161232 0.161232 0.161232 0.161232 0.161232 0.161232
13.526 1.95199 0.328413 1.9902 0.163796 0.163796 0.163796 0.163796 0.163796 0.163796
13.546 1.9535 0.333367 1.99026 0.166058 0.166058 0.166058 0.166058 0.166058 0.166058
13.57 1.95524 0.339132 1.99033 0.168685 0.168685 0.168685 0.168685 0.168685 0.168685
13.583 1.95615 0.342172 1.99035 0.170068 0.170068 0.170068 0.170068 0.170068 0.170068
13.602 1.95743 0.346507 1.99039 0.172037 0.172037 0.172037 0.172037 0.172037 0.172037
13.629 1.95917 0.352445 1.99044 0.174728 0.174728 0.174728 0.174728 0.174728 0.174728
13.65 1.96044 0.356878 1.99047 0.176733 0.176733 0.176733 0.176733 0.176733 0.176733
13.669 1.96155 0.360747 1.99049 0.178479 0.178479 0.178479 0.178479 0.178479 0.178479
13.684 1.96238 0.363705 1.9905 0.179813 0.179813 0.179813 0.179813 0.179813 0.179813
13.711 1.96381 0.36881 1.99052 0.182111 0.182111 0.182111 0.182111 0.182111 0.182111
13.728 1.96467 0.371879 1.99052 0.183491 0.183491 0.183491 0.183491 0.183491 0.183491
13.759 1.96612 0.377178 1.99053 0.185869 0.185869 0.185869 0.185869 0.185869 0.185869
13.778 1.96695 0.380235 1.99053 0.187238 0.187238 0.187238 0.187238 0.187238 0.187238
13.801 1.96789 0.383737 1.99053 0.188805 0.188805 0.188805 0.188805 0.188805 0.188805
13.823 1.96873 0.386883 1.99053 0.190211 0.190211 0.190211 0.190211 0.190211 0.190211
13.849 1.96964 0.390338 1.99052 0.191753 0.191753 0.191753 0.191753 0.191753 0.191753
13.864 1.97013 0.392202 1.99052 0.192584 0.192584 0.192584 0.192584 0.192584 0.192584
13.89 1.97092 0.395205 1.99051 0.193922 0.193922 0.193922 0.193922 0.193922 0.193922
13.909 1.97144 0.397215 1.9905 0.194817 0.194817 0.194817 0.194817 0.194817 0.194817
13.934 1.97206 0.399621 1.99049 0.195886 0.195886 0.195886 0.195886 0.195886 0.195886
13.962 1.97266 0.401991 1.99048 0.196939 0.196939 0.196939 0.196939 0.196939 0.196939
13.992 1.97321 0.404146 1.99046 0.197896 0.197896 0.197896 0.197896 0.197896 0.197896
14.026 1.97371 0.406105 1.99045 0.198765 0.198765 0.198765 0.198765 0.198765 0.198765
14.046 1.97394 0.407016 1.99045 0.199169 0.199169 0.199169 0.199169 0.199169 0.199169
14.063 1.9741 0.40765 1.99044 0.19945 0.19945 0.19945 0.19945 0.19945 0.19945
14.083 1.97424 0.408228 1.99044 0.199707 0.199707 0.199707 0.199707 0.199707 0.199707
14.096 1.97431 0.408508 1.99044 0.199831 0.199831 0.199831 0.199831 0.199831 0.199831
14.122 1.97439 0.408839 1.99043 0.199977 0.199977 0.199977 0.199977 0.199977 0.199977
14.154 1.97439 0.408827 1.99043 0.199972 0.199972 0.199972 0.199972 0.199972 0.199972
14.173 1.97433 0.408601 1.99044 0.199872 0.199872 0.199872 0.199872 0.199872 0.199872
14.194 1.97422 0.408162 1.99044 0.199677 0.199677 0.199677 0.199677 0.199677 0.199677
14.211 1.9741 0.407661 1.99044 0.199455 0.199455 0.199455 0.199455 0.199455 0.199455
14.229 1.97393 0.406989 1.99045 0.199157 0.199157 0.199157 0.199157 0.199157 0.199157
14.252 1.97366 0.405919 1.99045 0.198683 0.198683 0.198683 0.198683 0.198683 0.198683
14.274 1.97334 0.404674 1.99046 0.198131 0.198131 0.198131 0.198131 0.198131 0.198131
14.304 1.97283 0.402629 1.99047 0.197223 0.197223 0.197223 0.197223 0.197223 0.197223
14.324 1.97242 0.401045 1.99048 0.196519 0.196519 0.196519 0.196519 0.196519 0.196519
14.345 1.97195 0.399192 1.99049 0.195696 0.195696 0.195696 0.195696 0.195696 0.195696
14.365 1.97144 0.397249 1.9905 0.194832 0.194832 0.194832 0.194832 0.194832 0.194832
14.389 1.97078 0.394687 1.99051 0.193691 0.193691 0.193691 0.193691 0.193691 0.193691
14.412 1.97008 0.392 1.99052 0.192494 0.192494 0.192494 0.192494 0.192494 0.192494
14.435 1.96931 0.389087 1.99052 0.191195 0.191195 0.191195 0.191195 0.191195 0.191195
14.45 1.96878 0.387067 1.99053 0.190293 0.190293 0.190293 0.190293 0.190293 0.190293
14.469 1.96806 0.384373 1.99053 0.189089 0.189089 0.189089 0.189089 0.189089 0.189089
14.497 1.96692 0.38013 1.99053 0.187191 0.187191 0.187191 0.187191 0.187191 0.187191
14.518 1.966 0.376738 1.99053 0.185671 0.185671 0.185671 0.185671 0.185671 0.185671
14.543 1.96483 0.372467 1.99053 0.183755 0.183755 0.183755 0.183755 0.183755 0.183755
14.566 1.96368 0.368319 1.99052 0.18189 0.18189 0.18189 0.18189 0.18189 0.18189
14.584 1.96273 0.364928 1.9905 0.180364 0.180364 0.180364 0.180364 0.180364 0.180364
14.611 1.96122 0.359608 1.99048 0.177965 0.177965 0.177965 0.177965 0.177965 0.177965
14.627 1.96029 0.356324 1.99046 0.176482 0.176482 0.176482 0.176482 0.176482 0.176482
14.66 1.95824 0.349252 1.99042 0.173282 0.173282 0.173282 0.173282 0.173282 0.173282
14.683 1.95672 0.344089 1.99037 0.170939 0.170939 0.170939 0.170939 0.170939 0.170939
14.702 1.95541 0.339682 1.99033 0.168936 0.168936 0.168936 0.168936 0.168936 0.168936
14.73 1.95338 0.332959 1.99026 0.165872 0.165872 0.165872 0.165872 0.165872 0.165872
14.76 1.95108 0.325461 1.99016 0.162446 0.162446 0.162446 0.162446 0.162446 0.162446
14.779 1.94956 0.32056 1.99009 0.1602 0.1602 0.1602 0.1602 0.1602 0.1602
14.808 1.94712 0.312856 1.98997 0.156661 0.156661 0.156661 0.156661 0.156661 0.156661
14.828 1.94537 0.307392 1.98987 0.154143 0.154143 0.154143 0.154143 0.154143 0.154143
14.845 1.94383 0.302652 1.98978 0.151955 0.151955 0.151955 0.151955 0.151955 0.151955
14.86 1.94244 0.2984 1.9897 0.149987 0.149987 0.149987 0.149987 0.149987 0.149987
14.882 1.94033 0.292046 1.98956 0.14704 0.14704 0.14704 0.14704 0.14704 0.14704
14.908 1.93774 0.284364 1.98938 0.143466 0.143466 0.143466 0.143466 0.143466 0.143466
14.935 1.93494 0.276195 1.98917 0.139652 0.139652 0.139652 0.139652 0.139652 0.139652
14.969 1.93124 0.265645 1.98887 0.134704 0.134704 0.134704 0.134704 0.134704 0.134704
14.993 1.92852 0.25803 1.98864 0.131118 0.131118 0.131118 0.131118 0.131118 0.131118
15.024 1.92487 0.247999 1.98831 0.126374 0.126374 0.126374 0.126374 0.126374 0.126374
15.05 1.92169 0.239427 1.988 0.122301 0.122301 0.122301 0.122301 0.122301 0.122301
15.073 1.91878 0.23173 1.98771 0.11863 0.11863 0.11863 0.11863 0.11863 0.11863
15.091 1.91644 0.225636 1.98747 0.115712 0.115712 0.115712 0.115712 0.115712 0.115712
15.115 1.91324 0.217418 1.98712 0.111764 0.111764 0.111764 0.111764 0.111764 0.111764
15.14 1.90981 0.208753 1.98674 0.107583 0.107583 0.107583 0.107583 0.107583 0.107583
15.157 1.90742 0.202804 1.98646 0.104702 0.104702 0.104702 0.104702 0.104702 0.104702
15.182 1.90382 0.193978 1.98603 0.100409 0.100409 0.100409 0.100409 0.100409 0.100409
15.213 1.89921 0.182913 1.98546 0.0949999 0.0949999 0.0949999 0.0949999 0.0949999 0.0949999
15.23 1.89662 0.176795 1.98512 0.0919943 0.0919943 0.0919943 0.0919943 0.0919943 0.0919943
15.256 1.89257 0.167374 1.98459 0.0873465 0.0873465 0.0873465 0.0873465 0.0873465 0.0873465
15.278 1.88906 0.159348 1.98411 0.0833675 0.0833675 0.0833675 0.0833675 0.0833675 0.0833675
15.3 1.88547 0.151279 1.98361 0.0793481 0.0793481 0.0793481 0.0793481 0.0793481 0.0793481
15.322 1.88181 0.143171 1.98308 0.0752903 0.0752903 0.0752903 0.0752903 0.0752903 0.0752903
15.349 1.87722 0.133175 1.9824 0.0702608 0.0702608 0.0702608 0.0702608 0.0702608 0.0702608
15.377 1.87234 0.122765 1.98166 0.0649908 0.0649908 0.0649908 0.0649908 0.0649908 0.0649908
15.402 1.86789 0.113443 1.98097 0.0602424 0.0602424 0.0602424 0.0602424 0.0602424 0.0602424
15.423 1.86408 0.105598 1.98036 0.0562244 0.0562244 0.0562244 0.0562244 0.0562244 0.0562244
15.437 1.86151 0.100362 1.97995 0.0535319 0.0535319 0.0535319 0.0535319 0.0535319 0.0535319
15.456 1.85797 0.0932522 1.97937 0.0498611 0.0498611 0.0498611 0.0498611 0.0498611 0.0498611
15.474 1.85458 0.0865152 1.9788 0.0463669 0.0463669 0.0463669 0.0463669 0.0463669 0.0463669
15.495 1.85057 0.078657 1.97812 0.0422714 0.0422714 0.0422714 0.0422714 0.0422714 0.0422714
15.509 1.84786 0.0734211 1.97765 0.0395306 0.0395306 0.0395306 0.0395306 0.0395306 0.0395306
15.526 1.84454 0.0670687 1.97707 0.0361922 0.0361922 0.0361922 0.0361922 0.0361922 0.0361922
15.546 1.84059 0.0596054 1.97637 0.0322512 0.0322512 0.0322512 0.0322512 0.0322512 0.0322512
15.577 1.83437 0.0480674 1.97525 0.0261178 0.0261178 0.0261178 0.0261178 0.0261178 0.0261178
15.591 1.83153 0.0428716 1.97472 0.0233394 0.0233394 0.0233394 0.0233394 0.0233394 0.0233394
15.611 1.82743 0.0354682 1.97396 0.0193623 0.0193623 0.0193623 0.0193623 0.0193623 0.0193623
15.636 1.82225 0.0262506 1.97298 0.0143802 0.0143802 0.0143802 0.0143802 0.0143802 0.0143802
15.658 1.81764 0.0181775 1.97209 0.0099885 0.0099885 0.0099885 0.0099885 0.0099885 0.0099885
15.687 1.81149 0.00759821 1.97089 0.00419235 0.00419235 0.00419235 0.00419235 0.00419235 0.00419235
15.713 1.80592 -0.00181896 1.96978 -0.00100734 -0.00100734 -0.00100734 -0.00100734 -0.00100734 -0.00100734
15.732 1.80181 -0.00865619 1.96895 -0.00480688 -0.00480688 -0.00480688 -0.00480688 -0.00480688 -0.00480688
15.753 1.79724 -0.0161659 1.96802 -0.0090043 -0.0090043 -0.0090043 -0.0090043 -0.0090043 -0.0090043
15.776 1.7922 -0.02433 1.96698 -0.0135969 -0.0135969 -0.0135969 -0.0135969 -0.0135969 -0.0135969
15.797 1.78757 -0.0317252 1.96601 -0.0177838 -0.0177838 -0.0177838 -0.0177838 -0.0177838 -0.0177838
15.812 1.78424 -0.036971 1.9653 -0.0207698 -0.0207698 -0.0207698 -0.0207698 -0.0207698 -0.0207698
15.831 1.78002 -0.0435703 1.9644 -0.0245453 -0.0245453 -0.0245453 -0.0245453 -0.0245453 -0.0245453
15.849 1.776 -0.0497735 1.96353 -0.0281139 -0.0281139 -0.0281139 -0.0281139 -0.0281139 -0.0281139
15.866 1.77219 -0.0555868 1.9627 -0.0314759 -0.0314759 -0.0314759 -0.0314759 -0.0314759 -0.0314759
15.887 1.76747 -0.0627048 1.96167 -0.0356164 -0.0356164 -0.0356164 -0.0356164 -0.0356164 -0.0356164
15.913 1.76161 -0.071417 1.96036 -0.0407206 -0.0407206 -0.0407206 -0.0407206 -0.0407206 -0.0407206
15.928 1.75822 -0.0763909 1.9596 -0.0436531 -0.0436531 -0.0436531 -0.0436531 -0.0436531 -0.0436531
15.948 1.7537 -0.082961 1.95858 -0.0475477 -0.0475477 -0.0475477 -0.0475477 -0.0475477 -0.0475477
15.971 1.74849 -0.090427 1.95739 -0.0520028 -0.0520028 -0.0520028 -0.0520028 -0.0520028 -0.0520028
15.993 1.74351 -0.0974758 1.95623 -0.0562385 -0.0562385 -0.0562385 -0.0562385 -0.0562385 -0.0562385
16.024 1.7365 -0.107249 1.95459 -0.0621604 -0.0621604 -0.0621604 -0.0621604 -0.0621604 -0.0621604
16.046 1.73152 -0.114069 1.95342 -0.0663271 -0.0663271 -0.0663271 -0.0663271 -0.0663271 -0.0663271
16.068 1.72656 -0.12079 1.95223 -0.0704617 -0.0704617 -0.0704617 -0.0704617 -0.0704617 -0.0704617
16.089 1.72184 -0.127111 1.9511 -0.0743766 -0.0743766 -0.0743766 -0.0743766 -0.0743766 -0.0743766
16.113 1.71646 -0.134219 1.94979 -0.0788105 -0.0788105 -0.0788105 -0.0788105 -0.0788105 -0.0788105
16.138 1.71088 -0.14149 1.94842 -0.0833808 -0.0833808 -0.0833808 -0.0833808 -0.0833808 -0.0833808
16.151 1.70799 -0.145216 1.94771 -0.085737 -0.085737 -0.085737 -0.085737 -0.085737 -0.085737
16.171 1.70357 -0.150874 1.94661 -0.0893334 -0.0893334 -0.0893334 -0.0893334 -0.0893334 -0.0893334
16.189 1.69961 -0.155888 1.94562 -0.0925397 -0.0925397 -0.0925397 -0.0925397 -0.0925397 -0.0925397
16.206 1.69589 -0.160555 1.94468 -0.0955403 -0.0955403 -0.0955403 -0.0955403 -0.0955403 -0.0955403
16.231 1.69045 -0.167296 1.9433 -0.0999026 -0.0999026 -0.0999026 -0.0999026 -0.0999026 -0.0999026
16.248 1.68679 -0.171795 1.94237 -0.102833 -0.102833 -0.102833 -0.102833 -0.102833 -0.102833
16.27 1.68208 -0.177515 1.94116 -0.106582 -0.106582 -0.106582 -0.106582 -0.106582 -0.106582
16.289 1.67805 -0.182361 1.94012 -0.109778 -0.109778 -0.109778 -0.109778 -0.109778 -0.109778
16.31 1.67364 -0.187615 1.93897 -0.113264 -0.113264 -0.113264 -0.113264 -0.113264 -0.113264
16.335 1.66845 -0.193728 1.93761 -0.11735 -0.11735 -0.11735 -0.11735 -0.11735 -0.11735
16.349 1.66558 -0.197084 1.93685 -0.119605 -0.119605 -0.119605 -0.119605 -0.119605 -0.119605
16.373 1.6607 -0.202724 1.93556 -0.123418 -0.123418 -0.123418 -0.123418 -0.123418 -0.123418
16.387 1.65789 -0.205947 1.93481 -0.125609 -0.125609 -0.125609 -0.125609 -0.125609 -0.125609
16.411 1.65313 -0.211357 1.93353 -0.129307 -0.129307 -0.129307 -0.129307 -0.129307 -0.129307
16.432 1.64903 -0.215971 1.93243 -0.132483 -0.132483 -0.132483 -0.132483 -0.132483 -0.132483
16.456 1.64443 -0.221107 1.93118 -0.13604 -0.13604 -0.13604 -0.13604 -0.13604 -0.13604
16.476 1.64065 -0.225275 1.93015 -0.138945 -0.138945 -0.138945 -0.138945 -0.138945 -0.138945
16.495 1.63713 -0.229139 1.92918 -0.141653 -0.141653 -0.141653 -0.141653 -0.141653 -0.141653
16.518 1.63293 -0.233692 1.92803 -0.144863 -0.144863 -0.144863 -0.144863 -0.144863 -0.144863
16.541 1.62883 -0.238108 1.92689 -0.147995 -0.147995 -0.147995 -0.147995 -0.147995 -0.147995
16.559 1.62568 -0.24147 1.92602 -0.150393 -0.150393 -0.150393 -0.150393 -0.150393 -0.150393
16.58 1.62208 -0.245285 1.92501 -0.153128 -0.153128 -0.153128 -0.153128 -0.153128 -0.153128
16.606 1.61774 -0.24985 1.92379 -0.156421 -0.156421 -0.156421 -0.156421 -0.156421 -0.156421
16.627 1.61432 -0.253409 1.92283 -0.159004 -0.159004 -0.159004 -0.159004 -0.159004 -0.159004
16.646 1.6113 -0.25653 1.92197 -0.16128 -0.16128 -0.16128 -0.16128 -0.16128 -0.16128
16.659 1.60928 -0.258612 1.9214 -0.162804 -0.162804 -0.162804 -0.162804 -0.162804 -0.162804
16.673 1.60714 -0.260804 1.92079 -0.164414 -0.164414 -0.164414 -0.164414 -0.164414 -0.164414
16.692 1.6043 -0.263698 1.91998 -0.166548 -0.166548 -0.166548 -0.166548 -0.166548 -0.166548
16.714 1.6011 -0.266932 1.91906 -0.168943 -0.168943 -0.168943 -0.168943 -0.168943 -0.168943
16.735 1.59815 -0.269902 1.91821 -0.171154 -0.171154 -0.171154 -0.171154 -0.171154 -0.171154
16.757 1.59515 -0.272891 1.91735 -0.173389 -0.173389 -0.173389 -0.173389 -0.173389 -0.173389
16.78 1.59214 -0.275881 1.91647 -0.175635 -0.175635 -0.175635 -0.175635 -0.175635 -0.175635
16.804 1.58913 -0.278855 1.91559 -0.177881 -0.177881 -0.177881 -0.177881 -0.177881 -0.177881
16.824 1.58671 -0.281219 1.91489 -0.179673 -0.179673 -0.179673 -0.179673 -0.179673 -0.179673
16.848 1.58394 -0.283921 1.91408 -0.18173 -0.18173 -0.18173 -0.18173 -0.18173 -0.18173
16.868 1.58174 -0.286058 1.91343 -0.183364 -0.183364 -0.183364 -0.183364 -0.183364 -0.183364
16.88 1.58046 -0.287291 1.91306 -0.184309 -0.184309 -0.184309 -0.184309 -0.184309 -0.184309
16.904 1.57802 -0.289647 1.91234 -0.186119 -0.186119 -0.186119 -0.186119 -0.186119 -0.186119
16.928 1.57571 -0.291854 1.91166 -0.187822 -0.187822 -0.187822 -0.187822 -0.187822 -0.187822
16.95 1.57373 -0.293748 1.91107 -0.189289 -0.189289 -0.189289 -0.189289 -0.189289 -0.189289
16.968 1.57219 -0.295205 1.91061 -0.19042 -0.19042 -0.19042 -0.19042 -0.19042 -0.19042
16.987 1.57066 -0.296653 1.91016 -0.191548 -0.191548 -0.191548 -0.191548 -0.191548 -0.191548
17.011 1.56886 -0.298351 1.90962 -0.192873 -0.192873 -0.192873 -0.192873 -0.192873 -0.192873
17.035 1.56721 -0.299903 1.90913 -0.194087 -0.194087 -0.194087 -0.194087 -0.194087 -0.194087
17.05 1.56625 -0.300798 1.90884 -0.19479 -0.19479 -0.19479 -0.19479 -0.19479 -0.19479
17.071 1.56502 -0.301955 1.90847 -0.195699 -0.195699 -0.195699 -0.195699 -0.195699 -0.195699
17.09 1.564 -0.302906 1.90817 -0.196448 -0.196448 -0.196448 -0.196448 -0.196448 -0.196448
17.113 1.56289 -0.303935 1.90783 -0.197259 -0.197259 -0.197259 -0.197259 -0.197259 -0.197259
17.137 1.56189 -0.304865 1.90753 -0.197994 -0.197994 -0.197994 -0.197994 -0.197994 -0.197994
17.164 1.56095 -0.305738 1.90725 -0.198684 -0.198684 -0.198684 -0.198684 -0.198684 -0.198684
17.186 1.56033 -0.306314 1.90706 -0.19914 -0.19914 -0.19914 -0.19914 -0.19914 -0.19914
17.213 1.55974 -0.306853 1.90689 -0.199568 -0.199568 -0.199568 -0.199568 -0.199568 -0.199568
17.23 1.55948 -0.307098 1.90681 -0.199762 -0.199762 -0.199762 -0.199762 -0.199762 -0.199762
17.252 1.55925 -0.307307 1.90674 -0.199928 -0.199928 -0.199928 -0.199928 -0.199928 -0.199928
17.273 1.55916 -0.307393 1.90671 -0.199997 -0.199997 -0.199997 -0.199997 -0.199997 -0.199997
17.291 1.55917 -0.307379 1.90672 -0.199985 -0.199985 -0.199985 -0.199985 -0.199985 -0.199985
17.314 1.55932 -0.307241 1.90676 -0.199876 -0.199876 -0.199876 -0.199876 -0.199876 -0.199876
17.344 1.55973 -0.306861 1.90688 -0.199575 -0.199575 -0.199575 -0.199575 -0.199575 -0.199575
17.371 1.56031 -0.306326 1.90706 -0.19915 -0.19915 -0.19915 -0.19915 -0.19915 -0.19915
17.39 1.56084 -0.305839 1.90722 -0.198764 -0.198764 -0.198764 -0.198764 -0.198764 -0.198764
17.404 1.56129 -0.305421 1.90735 -0.198434 -0.198434 -0.198434 -0.198434 -0.198434 -0.198434
17.43 1.56227 -0.304515 1.90765 -0.197717 -0.197717 -0.197717 -0.197717 -0.197717 -0.197717
17.464 1.56382 -0.303072 1.90811 -0.196578 -0.196578 -0.196578 -0.196578 -0.196578 -0.196578
17.483 1.56482 -0.302138 1.90841 -0.195843 -0.195843 -0.195843 -0.195843 -0.195843 -0.195843
17.512 1.56653 -0.300537 1.90893 -0.194585 -0.194585 -0.194585 -0.194585 -0.194585 -0.194585
17.53 1.56771 -0.299435 1.90928 -0.193721 -0.193721 -0.193721 -0.193721 -0.193721 -0.193721
17.55 1.56911 -0.298114 1.9097 -0.192688 -0.192688 -0.192688 -0.192688 -0.192688 -0.192688
17.576 1.57109 -0.296245 1.91028 -0.19123 -0.19123 -0.19123 -0.19123 -0.19123 -0.19123
17.598 1.5729 -0.294529 1.91082 -0.189895 -0.189895 -0.189895 -0.189895 -0.189895 -0.189895
17.62 1.57484 -0.292688 1.9114 -0.188468 -0.188468 -0.188468 -0.188468 -0.188468 -0.188468
17.636 1.57632 -0.291272 1.91184 -0.187373 -0.187373 -0.187373 -0.187373 -0.187373 -0.187373
17.653 1.57797 -0.289696 1.91232 -0.186157 -0.186157 -0.186157 -0.186157 -0.186157 -0.186157
17.675 1.5802 -0.287546 1.91298 -0.184504 -0.184504 -0.184504 -0.184504 -0.184504 -0.184504
17.701 1.58299 -0.284844 1.9138 -0.182435 -0.182435 -0.182435 -0.182435 -0.182435 -0.182435
17.722 1.58537 -0.282535 1.9145 -0.180673 -0.180673 -0.180673 -0.180673 -0.180673 -0.180673
17.752 1.58894 -0.279038 1.91554 -0.178019 -0.178019 -0.178019 -0.178019 -0.178019 -0.178019
17.77 1.59118 -0.276829 1.91619 -0.17635 -0.17635 -0.17635 -0.17635 -0.17635 -0.17635
17.787 1.59337 -0.274665 1.91683 -0.17472 -0.17472 -0.17472 -0.17472 -0.17472 -0.17472
17.815 1.59711 -0.270938 1.91791 -0.171927 -0.171927 -0.171927 -0.171927 -0.171927 -0.171927
17.836 1.60003 -0.268009 1.91875 -0.169744 -0.169744 -0.169744 -0.169744 -0.169744 -0.169744
17.871 1.60511 -0.262873 1.92021 -0.165938 -0.165938 -0.165938 -0.165938 -0.165938 -0.165938
17.883 1.60691 -0.261039 1.92072 -0.164587 -0.164587 -0.164587 -0.164587 -0.164587 -0.164587
17.898 1.6092 -0.258694 1.92137 -0.162864 -0.162864 -0.162864 -0.162864 -0.162864 -0.162864
17.921 1.6128 -0.254984 1.9224 -0.160151 -0.160151 -0.160151 -0.160151 -0.160151 -0.160151
17.941 1.61601 -0.251647 1.92331 -0.157723 -0.157723 -0.157723 -0.157723 -0.157723 -0.157723
17.962 1.61947 -0.248031 1.92428 -0.155106 -0.155106 -0.155106 -0.155106 -0.155106 -0.155106
17.978 1.62216 -0.245199 1.92503 -0.153066 -0.153066 -0.153066 -0.153066 -0.153066 -0.153066
17.997 1.62542 -0.241749 1.92594 -0.150593 -0.150593 -0.150593 -0.150593 -0.150593 -0.150593
18.018 1.62909 -0.237828 1.92696 -0.147796 -0.147796 -0.147796 -0.147796 -0.147796 -0.147796
18.036 1.6323 -0.234376 1.92785 -0.145347 -0.145347 -0.145347 -0.145347 -0.145347 -0.145347
18.055 1.63575 -0.230642 1.9288 -0.142711 -0.142711 -0.142711 -0.142711 -0.142711 -0.142711
18.077 1.63981 -0.226202 1.92992 -0.139594 -0.139594 -0.139594 -0.139594 -0.139594 -0.139594
18.099 1.64395 -0.221638 1.93105 -0.136409 -0.136409 -0.136409 -0.136409 -0.136409 -0.136409
18.116 1.6472 -0.218026 1.93193 -0.133903 -0.133903 -0.133903 -0.133903 -0.133903 -0.133903
18.146 1.65303 -0.211472 1.93351 -0.129387 -0.129387 -0.129387 -0.129387 -0.129387 -0.129387
18.163 1.65639 -0.207657 1.93441 -0.126775 -0.126775 -0.126775 -0.126775 -0.126775 -0.126775
18.181 1.65999 -0.203539 1.93537 -0.123971 -0.123971 -0.123971 -0.123971 -0.123971 -0.123971
18.214 1.6667 -0.195776 1.93715 -0.118725 -0.118725 -0.118725 -0.118725 -0.118725 -0.118725
18.228 1.66958 -0.192401 1.9379 -0.11646 -0.11646 -0.11646 -0.11646 -0.11646 -0.11646
18.25 1.67416 -0.187 1.9391 -0.112855 -0.112855 -0.112855 -0.112855 -0.112855 -0.112855
18.262 1.67668 -0.184003 1.93976 -0.110866 -0.110866 -0.110866 -0.110866 -0.110866 -0.110866
18.291 1.68282 -0.176618 1.94135 -0.105992 -0.105992 -0.105992 -0.105992 -0.105992 -0.105992
18.309 1.68668 -0.171931 1.94234 -0.102923 -0.102923 -0.102923 -0.102923 -0.102923 -0.102923
18.333 1.69186 -0.165562 1.94366 -0.0987777 -0.0987777 -0.0987777 -0.0987777 -0.0987777 -0.0987777
18.357 1.69709 -0.159058 1.94498 -0.0945759 -0.0945759 -0.0945759 -0.0945759 -0.0945759 -0.0945759
18.382 1.70257 -0.15214 1.94636 -0.0901412 -0.0901412 -0.0901412 -0.0901412 -0.0901412 -0.0901412
18.411 1.70899 -0.143936 1.94795 -0.0849265 -0.0849265 -0.0849265 -0.0849265 -0.0849265 -0.0849265
18.428 1.71277 -0.139039 1.94889 -0.0818361 -0.0818361 -0.0818361 -0.0818361 -0.0818361 -0.0818361
18.454 1.71858 -0.131426 1.95031 -0.0770642 -0.0770642 -0.0770642 -0.0770642 -0.0770642 -0.0770642
18.477 1.72375 -0.124569 1.95156 -0.0727994 -0.0727994 -0.0727994 -0.0727994 -0.0727994 -0.0727994
18.5 1.72893 -0.117601 1.9528 -0.0684961 -0.0684961 -0.0684961 -0.0684961 -0.0684961 -0.0684961
18.513 1.73186 -0.113613 1.9535 -0.0660476 -0.0660476 -0.0660476 -0.0660476 -0.0660476 -0.0660476
18.533 1.73638 -0.107411 1.95457 -0.0622591 -0.0622591 -0.0622591 -0.0622591 -0.0622591 -0.0622591
18.547 1.73955 -0.103022 1.95531 -0.0595922 -0.0595922 -0.0595922 -0.0595922 -0.0595922 -0.0595922
18.567 1.74407 -0.0966855 1.95637 -0.0557622 -0.0557622 -0.0557622 -0.0557622 -0.0557622 -0.0557622
18.585 1.74815 -0.0909167 1.95731 -0.0522961 -0.0522961 -0.0522961 -0.0522961 -0.0522961 -0.0522961
18.606 1.75291 -0.0841097 1.9584 -0.048231 -0.048231 -0.048231 -0.048231 -0.048231 -0.048231
18.628 1.75788 -0.0768924 1.95952 -0.0439496 -0.0439496 -0.0439496 -0.0439496 -0.0439496 -0.0439496
18.649 1.76262 -0.0699237 1.96059 -0.0398428 -0.0398428 -0.0398428 -0.0398428 -0.0398428 -0.0398428
18.668 1.76691 -0.0635538 1.96154 -0.036112 -0.036112 -0.036112 -0.036112 -0.036112 -0.036112
18.689 1.77163 -0.0564444 1.96258 -0.0319734 -0.0319734 -0.0319734 -0.0319734 -0.0319734 -0.0319734
18.71 1.77633 -0.049265 1.96361 -0.0278207 -0.0278207 -0.0278207 -0.0278207 -0.0278207 -0.0278207
18.736 1.78213 -0.0402838 1.96485 -0.0226624 -0.0226624 -0.0226624 -0.0226624 -0.0226624 -0.0226624
18.755 1.78635 -0.033659 1.96575 -0.018883 -0.018883 -0.018883 -0.018883 -0.018883 -0.018883
18.786 1.79318 -0.0227447 1.96718 -0.0127026 -0.0127026 -0.0127026 -0.0127026 -0.0127026 -0.0127026
18.808 1.798 -0.0149247 1.96818 -0.00830879 -0.00830879 -0.00830879 -0.00830879 -0.00830879 -0.00830879
18.834 1.80365 -0.00560919 1.96933 -0.00311106 -0.00311106 -0.00311106 -0.00311106 -0.00311106 -0.00311106
18.863 1.80988 0.00486786 1.97057 0.00268873 0.00268873 0.00268873 0.00268873 0.00268873 0.00268873
18.889 1.81541 0.0143314 1.97166 0.00788677 0.00788677 0.00788677 0.00788677 0.00788677 0.00788677
18.911 1.82005 0.0223857 1.97256 0.0122811 0.0122811 0.0122811 0.0122811 0.0122811 0.0122811
18.935 1.82505 0.0312157 1.97351 0.017068 0.017068 0.017068 0.017068 0.017068 0.017068
18.955 1.82917 0.0386046 1.97429 0.0210498 0.0210498 0.0210498 0.0210498 0.0210498 0.0210498
18.983 1.83487 0.0489891 1.97534 0.0266097 0.0266097 0.0266097 0.0266097 0.0266097 0.0266097
19.005 1.83929 0.0571757 1.97614 0.0309638 0.0309638 0.0309638 0.0309638 0.0309638 0.0309638
19.04 1.8462 0.0702369 1.97736 0.037859 0.037859 0.037859 0.037859 0.037859 0.037859
19.065 1.85104 0.0795851 1.9782 0.0427563 0.0427563 0.0427563 0.0427563 0.0427563 0.0427563
19.09 1.85581 0.0889408 1.97901 0.0476268 0.0476268 0.0476268 0.0476268 0.0476268 0.0476268
19.113 1.86011 0.0975486 1.97972 0.0520815 0.0520815 0.0520815 0.0520815 0.0520815 0.0520815
19.135 1.86417 0.105777 1.98038 0.0563167 0.0563167 0.0563167 0.0563167 0.0563167 0.0563167
19.149 1.86671 0.111009 1.98078 0.0589978 0.0589978 0.0589978 0.0589978 0.0589978 0.0589978
19.17 1.87048 0.118846 1.98138 0.0629976 0.0629976 0.0629976 0.0629976 0.0629976 0.0629976
19.197 1.87523 0.128897 1.9821 0.0680991 0.0680991 0.0680991 0.0680991 0.0680991 0.0680991
19.219 1.87902 0.13706 1.98267 0.0722194 0.0722194 0.0722194 0.0722194 0.0722194 0.0722194
19.229 1.88071 0.140761 1.98292 0.0740808 0.0740808 0.0740808 0.0740808 0.0740808 0.0740808
19.24 1.88257 0.144825 1.98319 0.0761198 0.0761198 0.0761198 0.0761198 0.0761198 0.0761198
19.255 1.88506 0.150352 1.98355 0.0788854 0.0788854 0.0788854 0.0788854 0.0788854 0.0788854
19.284 1.88978 0.160986 1.98421 0.0841812 0.0841812 0.0841812 0.0841812 0.0841812 0.0841812
19.31 1.89391 0.170455 1.98476 0.0888692 0.0888692 0.0888692 0.0888692 0.0888692 0.0888692
19.34 1.89853 0.18129 1.98537 0.0942035 0.0942035 0.0942035 0.0942035 0.0942035 0.0942035
19.362 1.90183 0.189168 1.98578 0.0980618 0.0980618 0.0980618 0.0980618 0.0980618 0.0980618
19.38 1.90447 0.195566 1.98611 0.101183 0.101183 0.101183 0.101183 0.101183 0.101183
19.409 1.90862 0.205778 1.9866 0.106143 0.106143 0.106143 0.106143 0.106143 0.106143
19.428 1.91126 0.212398 1.9869 0.109344 0.109344 0.109344 0.109344 0.109344 0.109344
19.446 1.91371 0.218616 1.98717 0.112341 0.112341 0.112341 0.112341 0.112341 0.112341
19.46 1.91558 0.223414 1.98738 0.114646 0.114646 0.114646 0.114646 0.114646 0.114646
19.48 1.9182 0.230206 1.98765 0.117901 0.117901 0.117901 0.117901 0.117901 0.117901
19.504 1.92125 0.238257 1.98796 0.121744 0.121744 0.121744 0.121744 0.121744 0.121744
19.528 1.9242 0.246192 1.98825 0.125516 0.125516 0.125516 0.125516 0.125516 0.125516
19.568 1.92892 0.259143 1.98868 0.131643 0.131643 0.131643 0.131643 0.131643 0.131643
19.613 1.93392 0.27327 1.98909 0.138283 0.138283 0.138283 0.138283 0.138283 0.138283
19.648 1.93758 0.283909 1.98937 0.143254 0.143254 0.143254 0.143254 0.143254 0.143254
19.678 1.94057 0.292769 1.98958 0.147376 0.147376 0.147376 0.147376 0.147376 0.147376
19.699 1.94258 0.298822 1.98971 0.150183 0.150183 0.150183 0.150183 0.150183 0.150183
19.721 1.9446 0.305028 1.98983 0.153052 0.153052 0.153052 0.153052 0.153052 0.153052
19.746 1.94682 0.311904 1.98995 0.156222 0.156222 0.156222 0.156222 0.156222 0.156222
19.774 1.94918 0.319377 1.99007 0.159657 0.159657 0.159657 0.159657 0.159657 0.159657
19.796 1.95096 0.325074 1.99016 0.162268 0.162268 0.162268 0.162268 0.162268 0.162268
19.819 1.95274 0.330861 1.99023 0.164914 0.164914 0.164914 0.164914 0.164914 0.164914
19.838 1.95415 0.335507 1.99029 0.167034 0.167034 0.167034 0.167034 0.167034 0.167034
19.86 1.95572 0.340733 1.99034 0.169414 0.169414 0.169414 0.169414 0.169414 0.169414
19.881 1.95715 0.345563 1.99039 0.171608 0.171608 0.171608 0.171608 0.171608 0.171608
19.909 1.95897 0.351758 1.99043 0.174417 0.174417 0.174417 0.174417 0.174417 0.174417
19.934 1.96049 0.357047 1.99047 0.176809 0.176809 0.176809 0.176809 0.176809 0.176809
19.962 1.9621 0.362692 1.9905 0.179357 0.179357 0.179357 0.179357 0.179357 0.179357
20.001 1.96416 0.370054 1.99052 0.182671 0.182671 0.182671 0.182671 0.182671 0.182671
20.022 1.96519 0.373771 1.99053 0.18434 0.18434 0.18434 0.18434 0.18434 0.18434
20.036 1.96584 0.376152 1.99053 0.185408 0.185408 0.185408 0.185408 0.185408 0.185408
20.053 1.9666 0.378936 1.99053 0.186656 0.186656 0.186656 0.186656 0.186656 0.186656
20.073 1.96744 0.382061 1.99053 0.188055 0.188055 0.188055 0.188055 0.188055 0.188055
20.082 1.9678 0.383414 1.99053 0.188661 0.188661 0.188661 0.188661 0.188661 0.188661
20.1 1.9685 0.386019 1.99053 0.189825 0.189825 0.189825 0.189825 0.189825 0.189825
20.12 1.96923 0.388754 1.99052 0.191046 0.191046 0.191046 0.191046 0.191046 0.191046
20.134 1.9697 0.390569 1.99052 0.191856 0.191856 0.191856 0.191856 0.191856 0.191856
20.152 1.97028 0.39278 1.99051 0.192842 0.192842 0.192842 0.192842 0.192842 0.192842
20.174 1.97094 0.395294 1.99051 0.193962 0.193962 0.193962 0.193962 0.193962 0.193962
20.189 1.97135 0.396889 1.9905 0.194671 0.194671 0.194671 0.194671 0.194671 0.194671
20.217 1.97205 0.399604 1.99049 0.195879 0.195879 0.195879 0.195879 0.195879 0.195879
20.241 1.97258 0.401658 1.99048 0.196792 0.196792 0.196792 0.196792 0.196792 0.196792
20.279 1.97327 0.404392 1.99046 0.198005 0.198005 0.198005 0.198005 0.198005 0.198005
20.299 1.97357 0.405572 1.99046 0.198529 0.198529 0.198529 0.198529 0.198529 0.198529
20.322 1.97386 0.40671 1.99045 0.199033 0.199033 0.199033 0.199033 0.199033 0.199033
20.348 1.97411 0.40771 1.99044 0.199477 0.199477 0.199477 0.199477 0.199477 0.199477
20.374 1.97429 0.408406 1.99044 0.199785 0.199785 0.199785 0.199785 0.199785 0.199785
20.401 1.97439 0.408806 1.99043 0.199963 0.199963 0.199963 0.199963 0.199963 0.199963
20.428 1.9744 0.408877 1.99043 0.199994 0.199994 0.199994 0.199994 0.199994 0.199994
20.449 1.97436 0.408705 1.99044 0.199918 0.199918 0.199918 0.199918 0.199918 0.199918
20.465 1.97429 0.408441 1.99044 0.199801 0.199801 0.199801 0.199801 0.199801 0.199801
20.485 1.97417 0.407948 1.99044 0.199582 0.199582 0.199582 0.199582 0.199582 0.199582
20.51 1.97395 0.407078 1.99045 0.199197 0.199197 0.199197 0.199197 0.199197 0.199197
20.535 1.97366 0.405928 1.99045 0.198687 0.198687 0.198687 0.198687 0.198687 0.198687
20.55 1.97345 0.405104 1.99046 0.198321 0.198321 0.198321 0.198321 0.198321 0.198321
20.578 1.973 0.403298 1.99047 0.19752 0.19752 0.19752 0.19752 0.19752 0.19752
20.6 1.97257 0.401635 1.99048 0.196781 0.196781 0.196781 0.196781 0.196781 0.196781
20.624 1.97204 0.399577 1.99049 0.195867 0.195867 0.195867 0.195867 0.195867 0.195867
20.647 1.97148 0.397369 1.9905 0.194885 0.194885 0.194885 0.194885 0.194885 0.194885
20.666 1.97096 0.395371 1.99051 0.193996 0.193996 0.193996 0.193996 0.193996 0.193996
20.689 1.97027 0.392745 1.99051 0.192826 0.192826 0.192826 0.192826 0.192826 0.192826
20.709 1.96963 0.390277 1.99052 0.191726 0.191726 0.191726 0.191726 0.191726 0.191726
20.73 1.96889 0.387504 1.99053 0.190488 0.190488 0.190488 0.190488 0.190488 0.190488
20.75 1.96815 0.38469 1.99053 0.189231 0.189231 0.189231 0.189231 0.189231 0.189231
20.773 1.96722 0.38125 1.99053 0.187692 0.187692 0.187692 0.187692 0.187692 0.187692
20.787 1.96663 0.379049 1.99053 0.186707 0.186707 0.186707 0.186707 0.186707 0.186707
20.806 1.96578 0.375935 1.99053 0.185311 0.185311 0.185311 0.185311 0.185311 0.185311
20.825 1.96489 0.372675 1.99053 0.183848 0.183848 0.183848 0.183848 0.183848 0.183848
20.846 1.96384 0.368906 1.99052 0.182154 0.182154 0.182154 0.182154 0.182154 0.182154
20.864 1.9629 0.365537 1.99051 0.180638 0.180638 0.180638 0.180638 0.180638 0.180638
20.882 1.96192 0.362043 1.99049 0.179064 0.179064 0.179064 0.179064 0.179064 0.179064
20.903 1.96071 0.357811 1.99047 0.177154 0.177154 0.177154 0.177154 0.177154 0.177154
20.922 1.95957 0.353839 1.99045 0.175358 0.175358 0.175358 0.175358 0.175358 0.175358
20.945 1.95812 0.348852 1.99041 0.1731 0.1731 0.1731 0.1731 0.1731 0.1731
20.959 1.9572 0.345723 1.99039 0.171681 0.171681 0.171681 0.171681 0.171681 0.171681
20.983 1.95556 0.340196 1.99034 0.169169 0.169169 0.169169 0.169169 0.169169 0.169169
21.001 1.95428 0.335918 1.99029 0.167221 0.167221 0.167221 0.167221 0.167221 0.167221
21.02 1.95287 0.331282 1.99024 0.165107 0.165107 0.165107 0.165107 0.165107 0.165107
21.045 1.95094 0.324998 1.99016 0.162234 0.162234 0.162234 0.162234 0.162234 0.162234
21.066 1.94924 0.319562 1.99008 0.159742 0.159742 0.159742 0.159742 0.159742 0.159742
21.086 1.94757 0.314253 1.98999 0.157303 0.157303 0.157303 0.157303 0.157303 0.157303
21.102 1.94618 0.309917 1.98992 0.155307 0.155307 0.155307 0.155307 0.155307 0.155307
21.127 1.94394 0.302986 1.98979 0.152109 0.152109 0.152109 0.152109 0.152109 0.152109
21.148 1.94198 0.297021 1.98967 0.149348 0.149348 0.149348 0.149348 0.149348 0.149348
21.168 1.94005 0.291223 1.98954 0.146658 0.146658 0.146658 0.146658 0.146658 0.146658
21.184 1.93847 0.286505 1.98943 0.144464 0.144464 0.144464 0.144464 0.144464 0.144464
21.206 1.93622 0.279905 1.98927 0.141386 0.141386 0.141386 0.141386 0.141386 0.141386
21.225 1.93421 0.274103 1.98911 0.138673 0.138673 0.138673 0.138673 0.138673 0.138673
21.247 1.93182 0.267272 1.98892 0.135469 0.135469 0.135469 0.135469 0.135469 0.135469
21.275 1.92866 0.258409 1.98865 0.131297 0.131297 0.131297 0.131297 0.131297 0.131297
21.294 1.92644 0.252292 1.98845 0.128407 0.128407 0.128407 0.128407 0.128407 0.128407
21.314 1.92405 0.245766 1.98823 0.125315 0.125315 0.125315 0.125315 0.125315 0.125315
21.332 1.92183 0.239821 1.98802 0.122489 0.122489 0.122489 0.122489 0.122489 0.122489
21.346 1.92008 0.235152 1.98784 0.120263 0.120263 0.120263 0.120263 0.120263 0.120263
21.368 1.91725 0.227737 1.98755 0.116719 0.116719 0.116719 0.116719 0.116719 0.116719
21.39 1.91434 0.220232 1.98724 0.113118 0.113118 0.113118 0.113118 0.113118 0.113118
21.417 1.91067 0.210907 1.98684 0.108624 0.108624 0.108624 0.108624 0.108624 0.108624
21.452 1.90573 0.198644 1.98626 0.102681 0.102681 0.102681 0.102681 0.102681 0.102681
21.473 1.90267 0.1912 1.98589 0.0990545 0.0990545 0.0990545 0.0990545 0.0990545 0.0990545
21.495 1.89939 0.183339 1.98548 0.0952084 0.0952084 0.0952084 0.0952084 0.0952084 0.0952084
21.518 1.89588 0.175056 1.98502 0.0911382 0.0911382 0.0911382 0.0911382 0.0911382 0.0911382
21.553 1.89038 0.16234 1.98429 0.0848527 0.0848527 0.0848527 0.0848527 0.0848527 0.0848527
21.573 1.88714 0.15502 1.98384 0.0812138 0.0812138 0.0812138 0.0812138 0.0812138 0.0812138
21.595 1.88352 0.146929 1.98333 0.0771736 0.0771736 0.0771736 0.0771736 0.0771736 0.0771736
21.614 1.88033 0.139912 1.98286 0.0736542 0.0736542 0.0736542 0.0736542 0.0736542 0.0736542
21.636 1.87656 0.131759 1.98231 0.0695459 0.0695459 0.0695459 0.0695459 0.0695459 0.0695459
21.661 1.8722 0.122462 1.98164 0.0648367 0.0648367 0.0648367 0.0648367 0.0648367 0.0648367
21.679 1.869 0.115752 1.98115 0.0614208 0.0614208 0.0614208 0.0614208 0.0614208 0.0614208
21.696 1.86594 0.109404 1.98066 0.0581764 0.0581764 0.0581764 0.0581764 0.0581764 0.0581764
21.717 1.8621 0.101553 1.98004 0.0541455 0.0541455 0.0541455 0.0541455 0.0541455 0.0541455
21.734 1.85894 0.0951928 1.97953 0.0508648 0.0508648 0.0508648 0.0508648 0.0508648 0.0508648
21.759 1.85423 0.085836 1.97874 0.0460138 0.0460138 0.0460138 0.0460138 0.0460138 0.0460138
21.781 1.85002 0.0776041 1.97802 0.041721 0.041721 0.041721 0.041721 0.041721 0.041721
21.801 1.84614 0.0701265 1.97735 0.037801 0.037801 0.037801 0.037801 0.037801 0.037801
21.821 1.84221 0.0626583 1.97666 0.0338658 0.0338658 0.0338658 0.0338658 0.0338658 0.0338658
21.843 1.83783 0.0544586 1.97588 0.0295214 0.0295214 0.0295214 0.0295214 0.0295214 0.0295214
21.87 1.83238 0.0444238 1.97488 0.0241705 0.0241705 0.0241705 0.0241705 0.0241705 0.0241705
21.888 1.8287 0.0377552 1.9742 0.0205932 0.0205932 0.0205932 0.0205932 0.0205932 0.0205932
21.91 1.82416 0.0296322 1.97334 0.0162119 0.0162119 0.0162119 0.0162119 0.0162119 0.0162119
21.923 1.82145 0.0248481 1.97283 0.0136192 0.0136192 0.0136192 0.0136192 0.0136192 0.0136192
